# accelerations in g, dt = 0.01
-1.835337412323210387e-04
1.994954768008683731e-03
2.297832039828898946e-03
3.578031619577661058e-03
4.954889542536473727e-03
7.273919552328828725e-03
9.851746402345474413e-03
1.300282277725588534e-02
1.588263611736446396e-02
1.858318028515859588e-02
2.054038506341531248e-02
2.191009167510585623e-02
2.233246540161090352e-02
2.208608283181014501e-02
2.126516733659819178e-02
2.038687393394863698e-02
1.945895943907845552e-02
1.847560359368034463e-02
1.711879617208568113e-02
1.539146763953422488e-02
1.329284409854830304e-02
1.104569342242037351e-02
8.716702664335615816e-03
6.427703221855173878e-03
4.236332193802395778e-03
2.402080517262310689e-03
1.161762210273112068e-03
6.733223500366281164e-04
7.957965418806544787e-04
1.334347080520468598e-03
2.029415841159783879e-03
2.696110320171704947e-03
3.131173624489727407e-03
3.366923368290125358e-03
3.493754974469366701e-03
3.807086791592338443e-03
4.315146153029761344e-03
4.954503276346568751e-03
5.248967023166799424e-03
4.924016619619883857e-03
3.660682937974087895e-03
1.433037586698501266e-03
-5.873780315743068079e-04
-1.976419660853521304e-03
-3.537680961856590114e-03
-5.162115178724233436e-03
-6.668568647279326210e-03
-7.831997291610876336e-03
-8.496914124319404973e-03
-8.523370181992893577e-03
-7.911211905341473255e-03
-6.927830438242631693e-03
-5.966169094842158765e-03
-5.456667069400348430e-03
-5.709685705889596709e-03
-6.514820376366910019e-03
-7.160523016163888171e-03
-7.013619981639565223e-03
-6.058001306586498734e-03
-4.685319851085560823e-03
-3.115286431452079022e-03
-1.384722525376339127e-03
6.763414300952271278e-04
3.318001279709568985e-03
5.007057098838297443e-03
5.718519444171668228e-03
5.530432656546807428e-03
4.556593207184796504e-03
2.821144121716590621e-03
3.522604487978163662e-04
-1.649183088284966172e-03
-3.780038839650421128e-03
-6.313340652180428336e-03
-9.417333415447284167e-03
-1.296165421789536448e-02
-1.652406599667802928e-02
-1.948563363311109700e-02
-2.102818200875429880e-02
-2.038606711043664324e-02
-1.784635935094645159e-02
-1.496762213113633083e-02
-1.314258178851212405e-02
-1.222620486023931648e-02
-1.119924922384243904e-02
-9.688124912941752792e-03
-7.956802233571690433e-03
-6.552844907296921130e-03
-6.581065318977906246e-03
-8.795431396714724695e-03
-1.256812294161754190e-02
-1.662501311703709281e-02
-1.972512692399860587e-02
-2.090616980842601932e-02
-1.986263209458971613e-02
-1.699087590179079038e-02
-1.308028987525606222e-02
-8.930445264701972544e-03
-4.787910854736672321e-03
9.969449909590956393e-05
6.078299233818031458e-03
1.162077427984594021e-02
1.503084673048664735e-02
1.641209749729000134e-02
1.687983240408884658e-02
1.663235836166230067e-02
1.518540986511323493e-02
1.238096939758213423e-02
8.639987250098065535e-03
4.743370459718992266e-03
1.440576448353635521e-03
-1.050666521050699995e-03
-3.208441855881554675e-03
-6.069301340413536805e-03
-1.100549912987458523e-02
-1.849711868849605867e-02
-2.749434041365346471e-02
-3.656832537668772143e-02
-4.437973217898767697e-02
-4.922192408965578303e-02
-4.914578998030563750e-02
-4.309698117896036684e-02
-3.220445662628314970e-02
-1.915732526858750229e-02
-6.178470033850922208e-03
5.537762118865152856e-03
1.502163971246078464e-02
2.107962823848443662e-02
2.259673293243129669e-02
1.947834471945248530e-02
1.296285381176000631e-02
4.703821101662152178e-03
-3.835649936139027844e-03
-1.177334763719172471e-02
-1.968349034840230494e-02
-2.820022634339332257e-02
-3.624116692347666840e-02
-4.251852386144528567e-02
-4.677069411878830019e-02
-4.942731804185957617e-02
-5.024861879273685716e-02
-4.753071255686221186e-02
-3.938550386953376670e-02
-2.521000977929636899e-02
-6.544219250488431637e-03
1.348316547917231822e-02
3.192530011551029251e-02
4.667731941982394134e-02
5.620608170609433379e-02
5.989725467425743854e-02
5.954630287704405084e-02
5.795610520139130029e-02
5.588774745134653804e-02
5.269616939229389979e-02
4.817284336045982163e-02
4.280713302556352073e-02
3.705418719641603853e-02
3.135796986144341603e-02
2.647265555464829376e-02
2.298178007017516455e-02
2.045087841218061128e-02
1.725536123727761800e-02
1.134971282762074415e-02
1.334866576410268131e-03
-1.168420266861933815e-02
-2.388266052292409986e-02
-3.155634459937501496e-02
-3.276701602137533503e-02
-2.693226378794594950e-02
-1.516481030503925506e-02
-6.497750420438376008e-04
1.219145928914827127e-02
1.882155187080492009e-02
1.762412123228823679e-02
1.151458431576559728e-02
5.135882676142889541e-03
1.800553351509994165e-03
2.178952542446265048e-03
4.072721752301839380e-03
5.144186123063935155e-03
6.036719544940311044e-03
8.767984232195819363e-03
1.293917138768025527e-02
1.421640990330103917e-02
8.363692093048755161e-03
-4.248128755102026366e-03
-2.044866971362074848e-02
-3.744071419762749070e-02
-5.296976441464964352e-02
-6.367591027619164123e-02
-6.418539248969330757e-02
-4.676766997795560321e-02
-1.214357908934493753e-02
2.237798593116784029e-02
3.739266924774732603e-02
3.187596812557797615e-02
2.013190651075283388e-02
1.173592244242089785e-02
7.980439025372232723e-03
8.421740365751764421e-03
1.280965285985842354e-02
1.994853851852702864e-02
2.737903433191751432e-02
3.239538897865275324e-02
3.373398456427671027e-02
3.237104566086767415e-02
3.048178834312619684e-02
2.902585859215104855e-02
2.649424851967311159e-02
2.055921842688553450e-02
1.086705145500600940e-02
-5.612303479289017455e-04
-1.107976637932090759e-02
-1.933887716384769320e-02
-2.606825591776055009e-02
-3.303015499694198637e-02
-4.157976354940635250e-02
-5.139807917803221327e-02
-5.998844274847041358e-02
-6.355675876318735151e-02
-5.682297851243510445e-02
-3.741312965464026197e-02
-1.117902342295163352e-02
1.200850020344060298e-02
2.444622030579842245e-02
2.489502166736686645e-02
1.779566470569733314e-02
7.604535732258287800e-03
-2.858712359310051129e-03
-1.076880361816071226e-02
-1.457597761280588454e-02
-1.561577200030152442e-02
-1.624679826184935102e-02
-1.811431339399632856e-02
-2.151069250477507383e-02
-2.517618542275597976e-02
-2.671980830679342514e-02
-2.454524527614618604e-02
-1.951883368356906873e-02
-1.374583704309437215e-02
-8.452019331537271446e-03
-3.753350511412120033e-03
-9.944195083711731956e-05
1.115967599627222051e-03
-6.878068124021084837e-04
-3.819425814727619561e-03
-5.448047697420072347e-03
-3.958195515184994781e-03
-9.863726544691536844e-05
4.184791508787072574e-03
7.510356862108467230e-03
9.886878569594604108e-03
1.205322302744791206e-02
1.396024514318119046e-02
1.303063250524249574e-02
5.940749393786456944e-03
-7.719561391853204183e-03
-2.567721794294152218e-02
-4.464146296068783465e-02
-6.054148449655377684e-02
-6.850830696468027114e-02
-6.290509925462182961e-02
-4.131438314059130562e-02
-8.955747289531032843e-03
2.442182483029983059e-02
4.951734754039990166e-02
5.972797857651280379e-02
5.382911874918742262e-02
3.765942424274020678e-02
1.970232995763456993e-02
5.369115959639301876e-03
-5.848789844850997392e-03
-1.756923546560376984e-02
-3.044036994448976255e-02
-4.183397504844551390e-02
-4.928647384673107146e-02
-5.330937329563097127e-02
-5.627484624755054593e-02
-5.874326090765825265e-02
-5.991476548474421876e-02
-6.053513200646879616e-02
-6.154266849343197066e-02
-6.028943319150443375e-02
-5.116547791431530490e-02
-2.912219281185656275e-02
5.355094648713548504e-03
4.395530504580801023e-02
7.538465758402092265e-02
9.115669548276304768e-02
8.941601627025359822e-02
7.527041357931284205e-02
5.584196473553059564e-02
3.654288391378614914e-02
2.170356410209660358e-02
1.378351374442798698e-02
1.131986142930472942e-02
1.070153616185701151e-02
9.097493187801886788e-03
4.867910929080539531e-03
-2.643756525951260986e-03
-1.256701264182674346e-02
-2.311126682502446725e-02
-3.287602098121372718e-02
-4.080816839654186068e-02
-4.545334251810966009e-02
-4.527512278430703696e-02
-4.001900362924505627e-02
-3.110188632466031819e-02
-2.053315064360473202e-02
-9.920046963758623326e-03
-1.613544977116350356e-04
8.472211422554262739e-03
1.586010039822184636e-02
2.170671927837079102e-02
2.614128020629845339e-02
3.001296510036409459e-02
3.410463214924392555e-02
3.856842008675157724e-02
4.290317305890516825e-02
4.600801864287489690e-02
4.629187801815825426e-02
4.234161399284366856e-02
3.329849002304403893e-02
1.985213711933657074e-02
5.405115733902200563e-03
-5.654766855665703529e-03
-1.044603232898233015e-02
-8.670659736680141200e-03
-2.992777317227269911e-03
2.274904366138860452e-03
3.583987736963170460e-03
-3.140020409552100552e-04
-7.986277350937981759e-03
-1.694768558591700641e-02
-2.561210659429141723e-02
-3.316659950561522824e-02
-3.832029110984531278e-02
-3.881088771474428684e-02
-3.057339396889609956e-02
-1.052922703575804968e-02
1.765640602396951683e-02
4.545656358706672701e-02
6.572561744691932106e-02
7.644726604589670294e-02
8.028466218817680022e-02
8.000960216279390247e-02
7.674993313527631034e-02
7.226712496504832106e-02
6.891943587337309718e-02
6.713508941106034744e-02
6.234757522406995933e-02
4.841871064440327749e-02
2.648645306085591761e-02
4.200108839653868276e-03
-1.459221408508010881e-02
-3.245185650375585762e-02
-4.930298196536363198e-02
-5.927217424795892114e-02
-5.845882581044890142e-02
-4.966097058736898551e-02
-3.688114227078716223e-02
-2.103413295436907388e-02
-2.774946902032087836e-03
1.559877193765413401e-02
3.165971781878808983e-02
4.420394903588204666e-02
5.302534217759383162e-02
5.822815096754208747e-02
6.025878034349461260e-02
6.018117524007032815e-02
5.899715672936819977e-02
5.691126101215931293e-02
5.299912793409384398e-02
4.611252879978820080e-02
3.713581101121492950e-02
2.878257549775719085e-02
2.319132586622955558e-02
2.050793598788693689e-02
1.908961318866075549e-02
1.744319771270850389e-02
1.528856449112925807e-02
1.296071561661893586e-02
1.118481468414887249e-02
1.091066032883888925e-02
1.261629198510010909e-02
1.585905967669034439e-02
1.961186014228841895e-02
2.280371559644010435e-02
2.454504531441939821e-02
2.446424037134766610e-02
2.305618685041056423e-02
2.115781533109995990e-02
1.917178342616526407e-02
1.699590337725499778e-02
1.350076321601441712e-02
6.731992737441129873e-03
-3.251662779704765378e-03
-1.381386295749935725e-02
-2.254327306905135400e-02
-2.823283173387880485e-02
-3.017076031998860638e-02
-2.909930616324142572e-02
-2.809352637159320126e-02
-2.918626450973546213e-02
-3.107767652808880385e-02
-3.137299412827898593e-02
-2.798240145921545435e-02
-1.923098267859532640e-02
-4.688444980030357159e-03
1.402839667838691982e-02
3.337210333356253195e-02
4.909704363985032544e-02
5.802070410006299889e-02
5.905864620796896780e-02
5.385720705448887591e-02
4.669475937228275558e-02
4.108136426597591706e-02
3.708650921156693425e-02
3.294940743804536387e-02
2.682007628847880853e-02
1.512772885268580045e-02
-5.331944985009226014e-03
-2.814271335500443880e-02
-4.080772722419437337e-02
-4.154006718486779465e-02
-3.777150418781590607e-02
-3.325409599654454568e-02
-2.888477415864958153e-02
-2.694166743722209781e-02
-2.768572464438047442e-02
-2.623758513563116332e-02
-1.784598263100536583e-02
-3.036684433019623628e-03
1.390591102015187666e-02
2.805817267068186349e-02
3.593602837798200167e-02
3.685252852995803824e-02
3.357383627420833933e-02
3.011839170581748909e-02
2.846950110161890896e-02
2.851946541446348862e-02
2.961525056004501305e-02
3.049873698472033157e-02
2.601102537191821856e-02
8.144188732465449526e-03
-2.044737815660527952e-02
-4.546631925356965642e-02
-6.149515324754830509e-02
-7.312372308737198623e-02
-8.022374321214693904e-02
-7.886757113201274538e-02
-6.950938608852616496e-02
-5.611624758554360076e-02
-4.035508564917723862e-02
-2.183662417084660315e-02
-1.961906163377463708e-03
1.599619163500217225e-02
3.027592773799268888e-02
4.107393975963364446e-02
4.792633334022280284e-02
4.723603429312239060e-02
3.258143166282848058e-02
4.156714065057702870e-03
-2.640930755495513385e-02
-4.665399933268866983e-02
-5.493793134922769772e-02
-5.851831418966525755e-02
-6.396384270529217875e-02
-7.432487991280947726e-02
-8.966106068006557406e-02
-1.072944595905441778e-01
-1.235080911508273926e-01
-1.354686239547439885e-01
-1.413390917601657637e-01
-1.379359732244542502e-01
-1.200845046307110198e-01
-9.030286691277490674e-02
-6.137324845709304227e-02
-3.846561227656707799e-02
-1.393196707529277718e-02
1.888141240448906744e-02
6.066405143402132938e-02
1.047762761387832919e-01
1.290415175449911023e-01
1.221719203929376996e-01
1.010265067790856175e-01
8.027342764492634286e-02
6.102232720245801684e-02
4.306633306978011055e-02
2.962851800906304497e-02
2.032374614168052859e-02
1.081259113375070482e-02
-1.064894062298791166e-03
-1.411993114887913001e-02
-2.593328034957445571e-02
-3.374753626094872255e-02
-3.562243596288221237e-02
-3.199921203076369625e-02
-2.607639891667356408e-02
-2.093689088129233392e-02
-1.606093441366653746e-02
-7.550118882338863191e-03
9.390237797206364354e-03
3.817639496185169096e-02
7.416821581947295738e-02
1.027862573703853810e-01
1.096710560746999435e-01
9.101076143850804490e-02
5.537659598271706812e-02
1.579411645941165843e-02
-1.867093031916463447e-02
-4.656909021887840894e-02
-6.736266068071522506e-02
-7.525012771883260454e-02
-6.945819286875115628e-02
-5.865784260439026176e-02
-5.038034850135644088e-02
-4.580654406701606396e-02
-4.346764581007275113e-02
-4.183972721573789300e-02
-4.002174640552636636e-02
-3.831008361962999487e-02
-3.681187218635061098e-02
-3.431977472681160823e-02
-2.978217886930976596e-02
-2.397025256698579951e-02
-1.961577211796441261e-02
-1.903289016295466041e-02
-2.200197585463863070e-02
-2.725954458260700444e-02
-3.377239363473872463e-02
-4.022145081531006833e-02
-4.451709722049212309e-02
-4.279862913813976821e-02
-3.156945864385470729e-02
-1.165940874632967646e-02
1.275362585258684421e-02
3.734727266694752579e-02
5.857376825379724539e-02
7.313192669876664165e-02
7.972563629812962072e-02
8.050085369609483177e-02
7.880550955853610207e-02
7.698822543491651293e-02
7.638968667897456932e-02
7.664041191872335290e-02
7.566604876125614110e-02
7.206710735299289017e-02
6.607046450694790962e-02
5.790092799856203648e-02
4.535433397764299795e-02
2.652060641489158849e-02
3.668379699455071811e-03
-1.936446291280334575e-02
-4.035618003474404636e-02
-5.774342708674212732e-02
-6.867263723916297580e-02
-6.994718307927631773e-02
-6.120108745271945344e-02
-4.570644270019665056e-02
-2.771962365647924129e-02
-1.059456082018139789e-02
3.626407674889741209e-03
1.429126719554441385e-02
2.274456827628157721e-02
3.085996983514600889e-02
3.853744419790365583e-02
4.436276442526347619e-02
4.694648878204737280e-02
4.504951312350086862e-02
3.796610471224807354e-02
2.660685868355288503e-02
1.388116976232784544e-02
3.310115832593382018e-03
-4.112814966888805358e-03
-1.045791560000660855e-02
-1.777978293994770045e-02
-2.623627125229392038e-02
-3.428176176950210180e-02
-3.963492334941960682e-02
-4.079600826375479050e-02
-3.838586970757044275e-02
-3.417039438007168917e-02
-2.866214314825786535e-02
-2.104925932555110762e-02
-1.110854308174103952e-02
2.765150492949487631e-05
1.194638896201637504e-02
2.540244762338997667e-02
3.992081467068087780e-02
5.300316834681804284e-02
6.009992004349967720e-02
5.338820928114329512e-02
3.362345121957253241e-02
1.857635823560207719e-02
1.850288926401124495e-02
2.360738276185785425e-02
2.469998997928783344e-02
2.348056968420803373e-02
2.298507619537137198e-02
2.134094323919401640e-02
1.535099959995396383e-02
4.766878898487598992e-03
-7.302493117608691194e-03
-1.610756433428638806e-02
-1.619771797265942906e-02
-5.279479686962988347e-03
1.237304645973030630e-02
3.046531013016701844e-02
4.502104843057296024e-02
5.259031015084822402e-02
4.820387222161136298e-02
2.996542877424230797e-02
3.719143581112817863e-03
-1.981049449647652103e-02
-3.071371975110871039e-02
-2.572903265457586464e-02
-9.889809233849645650e-03
9.256397947120881264e-03
2.700934576216231647e-02
4.112519455743514352e-02
4.893088919344174698e-02
4.638123280167229939e-02
3.260983245882818210e-02
1.353232447510176184e-02
-2.463670340910831084e-03
-9.614477624333046812e-03
-8.109492193027506568e-03
-2.701950483575031852e-03
3.780795194637711319e-03
1.193376276824823987e-02
2.262248373137009869e-02
3.361248795585911747e-02
3.900982585924268192e-02
3.418804529151125982e-02
2.173261199110264677e-02
9.260984701552829601e-03
9.152069183891990050e-04
-4.899174277969552821e-03
-1.080268902382694116e-02
-1.761866477572123987e-02
-2.532002288840068394e-02
-3.393391009912805067e-02
-4.367758878822308038e-02
-5.420704874519174932e-02
-6.305969670004661631e-02
-6.525782539447888553e-02
-5.766666797633610009e-02
-4.320494477967939256e-02
-2.819279881855553047e-02
-1.724175136616167003e-02
-9.414881318055123849e-03
-5.405455292302060143e-04
9.912812324697437352e-03
1.842648707345325917e-02
2.251080832496284503e-02
2.397375406731871994e-02
2.704604462383658134e-02
3.409398606394452302e-02
4.119732262898336689e-02
4.080358864513592559e-02
3.105464595884498830e-02
1.733990615941292945e-02
5.558764502130890579e-03
-4.318407635644941865e-03
-1.640206253647510243e-02
-3.148906878807872234e-02
-4.716695786041154304e-02
-6.214226386759783699e-02
-7.552626915263052632e-02
-8.595765439892866233e-02
-9.284024559581040281e-02
-9.582675606745141850e-02
-9.345131309899401550e-02
-8.466251125551721435e-02
-7.104340173937599701e-02
-5.593986160261965601e-02
-4.169711395220195016e-02
-2.790071143541394266e-02
-1.021003339403583551e-02
1.368116858664697455e-02
3.517435215832846740e-02
4.070457362177147542e-02
2.869138407668999496e-02
1.192760287777040393e-02
1.306587069183952300e-03
-2.085748530957665537e-03
-1.502692779888428276e-03
3.711731259154001008e-04
2.145474223273624061e-03
1.880839717660094147e-03
-4.178228188947515596e-03
-1.946773544280720747e-02
-4.750113502477867899e-02
-8.478097436547814281e-02
-1.129029096092462742e-01
-1.203752077894240241e-01
-1.195864708155064821e-01
-1.229923183199327918e-01
-1.246390304205995114e-01
-1.126522050403272884e-01
-8.519543099176953016e-02
-5.163860774256972402e-02
-1.984131914276857436e-02
8.891144765405081460e-03
2.948138365107483283e-02
3.052894864871649738e-02
9.471944696873462952e-03
-1.977168151411074978e-02
-4.390268527336010917e-02
-6.299385266923858417e-02
-7.889870706159608782e-02
-8.645266954198613241e-02
-8.237360514766661757e-02
-7.153207098261765706e-02
-6.018695891604844417e-02
-4.951162898677289453e-02
-3.676233173956425238e-02
-1.549328564923673282e-02
1.711170049652250419e-02
4.713835009102618212e-02
5.599432506564777645e-02
4.407797143735561751e-02
2.561873267880702618e-02
1.147590502583146002e-02
7.246650433716671398e-03
1.836747049457403136e-02
4.384501684537304989e-02
6.680724186964326350e-02
6.863268828565995128e-02
4.916405795750929814e-02
2.020602905704775576e-02
-9.760112885513736597e-03
-3.327990163486856112e-02
-3.869810962705705348e-02
-1.122056425847841633e-02
3.911154032621153021e-02
6.330798924827248098e-02
3.754931826129826594e-02
-7.417066908510515887e-03
-3.790271929873115231e-02
-4.861173257268219805e-02
-5.202258474466742860e-02
-5.558747168728789961e-02
-5.574752190011206948e-02
-4.910059490088147793e-02
-3.783234761042042482e-02
-2.497201042007508864e-02
-9.743847459519032125e-03
1.209344615985890985e-02
4.232624607229037994e-02
7.203508711393281916e-02
8.620892298971692680e-02
7.986038120328314838e-02
6.154809144360391671e-02
4.302799848887792211e-02
3.230240399497868314e-02
3.196882819204779208e-02
3.885327278489954239e-02
4.748240759952165185e-02
5.407801374877933137e-02
5.663229259420100858e-02
5.552691536467064398e-02
5.765468434881216436e-02
7.138683234416234868e-02
8.934317588360443652e-02
9.250729079656128118e-02
7.540239531251584360e-02
4.625486041296675288e-02
1.019588034503530506e-02
-3.094526211452579972e-02
-7.177311966163682500e-02
-1.042619236492139112e-01
-1.212270371920695228e-01
-1.130646144249020379e-01
-7.577270547225595232e-02
-2.905782821040649166e-02
7.739520705372415592e-03
3.712131351833595355e-02
6.157103960906210038e-02
7.411460469525224526e-02
7.061079864471471457e-02
5.714236712920851835e-02
4.201186230912311997e-02
2.869855447653883729e-02
1.699887757904749996e-02
7.202346086441979538e-03
-4.043582415201692410e-05
-5.675865923883094584e-03
-7.101436608256137331e-03
3.764237927090395477e-03
3.173810966735102213e-02
7.090483248941341354e-02
1.054841818821394966e-01
1.194317810802100199e-01
1.042714267587748073e-01
6.519617542931283038e-02
2.509443584616054962e-02
8.422640392392937922e-03
1.568954565527173883e-02
2.986906913280665266e-02
4.141555676418359061e-02
5.166899678253537853e-02
6.391853093169053146e-02
7.816106260289129581e-02
9.336245706291396163e-02
1.104849553834200832e-01
1.273529369238229625e-01
1.340046857756795884e-01
1.190843594597354588e-01
8.321657589054932969e-02
4.141244586442564823e-02
1.142600549200812644e-02
-3.010104798381858879e-04
1.060991695483407823e-04
2.803453843938939153e-03
1.014297842459664254e-03
-7.205844858509618742e-03
-1.985051796673839922e-02
-3.536333905280417134e-02
-5.442818010204340806e-02
-8.852077667258517746e-02
-1.217891448348705635e-01
-1.238884083382018608e-01
-1.101840489166216186e-01
-1.036916107386628982e-01
-1.011530099855014325e-01
-9.056685456458536676e-02
-6.982109864727183146e-02
-4.453178057984946703e-02
-2.198188522265359657e-02
-7.534011354429532778e-03
-2.510369593508437417e-03
-4.663502360765724511e-03
-1.149303054613955676e-02
-1.981118099143416508e-02
-2.571715741672277178e-02
-2.696262991072669729e-02
-2.542108794546681094e-02
-2.544916134746180378e-02
-2.948617066667329895e-02
-3.705443836083976289e-02
-4.680839812049473331e-02
-5.654085092806760554e-02
-6.188818435086874264e-02
-5.303153925346403702e-02
-1.707557598819671799e-02
3.790514288698663969e-02
7.927375278026009553e-02
9.272559549151453140e-02
9.195312292674137633e-02
8.948856621922232635e-02
8.801886888905118000e-02
8.904747337220710046e-02
9.477533123191778097e-02
1.026074284261763170e-01
1.057538556029742338e-01
9.770321950313839987e-02
7.297228566269110817e-02
2.651226428776629757e-02
-4.479028872000357514e-02
-1.121475413784311786e-01
-1.409396291316050709e-01
-1.473904202941873909e-01
-1.631932606184118284e-01
-1.912347538203217068e-01
-2.139227443725176259e-01
-2.171573940901345423e-01
-1.861356831821203428e-01
-1.128412264173797724e-01
-2.334267408132613408e-02
4.263919633489352684e-02
6.635491255931183496e-02
5.545178507247639638e-02
2.898807214749512737e-02
6.725925900972141080e-04
-1.556177417154367901e-02
-2.529924919580018704e-03
4.505632432942251880e-02
8.453718749787456077e-02
6.746189950217303111e-02
1.386138202604357030e-02
-2.358706133670522911e-02
-2.904888365527336438e-02
-2.213611891986135352e-02
-1.847020106734045125e-02
-2.206489435763531182e-02
-3.899891480977432656e-02
-7.651148570861254772e-02
-1.308137702605922659e-01
-1.834871215953726709e-01
-2.099450489097854644e-01
-1.621192977119994827e-01
-4.872936097465253857e-02
4.431185693301114420e-02
7.959214361303253160e-02
8.124093510966730325e-02
7.470884420295345607e-02
6.118648720698785515e-02
4.139373169163922811e-02
2.504673609462717415e-02
2.249768704217488050e-02
3.853883015064266809e-02
7.164710458199390064e-02
1.136451004190610070e-01
1.369831028154083752e-01
1.218661789001429241e-01
8.934253837962082001e-02
6.459908855712716280e-02
5.157030419242293606e-02
4.449088581083743277e-02
3.979270201155431230e-02
3.413186743398510803e-02
2.202966119007844156e-02
-1.396712368244528444e-03
-2.932773192329458933e-02
-3.912747575781134329e-02
-1.176888313119185854e-02
4.569328681251851043e-02
1.033604765420710475e-01
1.310199896751212401e-01
1.199422153843691524e-01
8.642736112754148547e-02
5.693864256791207612e-02
5.535124062462818545e-02
9.478386660616701376e-02
1.637461652036870940e-01
2.268563676703778953e-01
2.486651376514693867e-01
2.143368310728521187e-01
1.488084195580743341e-01
8.830719319899937858e-02
4.016588077598286233e-02
5.413940562016328339e-03
-9.676368443852874021e-03
-1.171587962498596945e-02
-2.281822926106893620e-02
-6.222979266524310271e-02
-1.334527254455372958e-01
-2.161248636728715922e-01
-2.725390326521981987e-01
-2.787863630219333255e-01
-2.432528185402550447e-01
-1.837504076287974353e-01
-1.002269967827819075e-01
3.019595262350890583e-02
1.522151002627918914e-01
1.818539923866030750e-01
1.558589143241839170e-01
1.411447180167650639e-01
1.457515103597932515e-01
1.573775324244734153e-01
1.779673085786481757e-01
2.029263934551867321e-01
2.143596042066551743e-01
2.012974531642987286e-01
1.753207560289470890e-01
1.547253273560168230e-01
1.433159431243413440e-01
1.329417504710449227e-01
1.118771532521235096e-01
7.872885351099959128e-02
4.259672245769381693e-02
1.132894148823556085e-03
-5.561045871490258308e-02
-1.275078019510084981e-01
-1.777494429803793130e-01
-1.552500522935299498e-01
-7.002096258225101733e-02
1.247442429233576455e-02
5.775250830037780003e-02
9.045583122850903157e-02
1.407309840585648231e-01
2.147370176294800259e-01
2.895747807984067612e-01
3.226727500229237267e-01
3.101376094578116582e-01
2.884551680591085354e-01
2.682197559536837472e-01
2.298568674783622590e-01
1.691379133195340112e-01
1.107410059698371169e-01
7.834418159290482131e-02
6.803839708399353481e-02
5.614874776767660863e-02
2.889110463570598517e-02
-3.982973990528575724e-03
-3.026839406498290849e-02
-5.569021198303360232e-02
-9.452465463200220019e-02
-1.470215137569812480e-01
-1.960604344865568838e-01
-2.275794699859069736e-01
-2.469529847033311021e-01
-2.721577587055905023e-01
-3.084586612464766398e-01
-3.437480511890233514e-01
-3.683643705202666041e-01
-3.871378903125491933e-01
-4.096830102679247521e-01
-4.328631760804990680e-01
-4.291049833093036892e-01
-3.802266137932080459e-01
-3.197873536888223289e-01
-2.903335707197352011e-01
-2.861270466127857626e-01
-2.837870010011539490e-01
-2.705537205567733472e-01
-2.291225969976873056e-01
-1.233717483210884647e-01
5.120447657332755260e-03
7.044588391687535422e-02
8.780095022928259552e-02
1.112773768255230222e-01
1.455799421336558541e-01
1.642226391220127091e-01
1.686026693653195352e-01
1.803913058684533388e-01
2.110431180751135005e-01
2.486957371061267741e-01
2.730559361300892718e-01
2.722259175083560079e-01
2.466380666478785455e-01
2.084162019889057582e-01
1.692528109705355721e-01
1.307134610786579720e-01
8.030870512960749941e-02
7.214397322761155473e-03
-8.291474502642832978e-02
-1.796108735013670632e-01
-2.766060933165175317e-01
-3.552727415139038114e-01
-3.966389751038894018e-01
-4.001137369615920258e-01
-3.664374400167019763e-01
-3.026105744964636135e-01
-2.319724664215579157e-01
-1.566204628504946905e-01
-7.832377133579566941e-02
-1.176163781514734039e-02
3.979807407783311074e-02
6.370169350988363899e-02
5.885008408620328452e-02
4.153859729293653269e-02
-5.049860041578700318e-03
-6.887611562297121792e-02
-1.040323023705541639e-01
-1.406374775728740922e-01
-2.209570054975309172e-01
-3.366823765612871888e-01
-4.520526220664053962e-01
-5.598479961220617085e-01
-6.396557574614422093e-01
-6.130355745988033123e-01
-2.410965295420477716e-01
2.947607586740717545e-01
4.575627376158645232e-01
3.066016647065744061e-01
1.942538045457980755e-01
1.822453474147511243e-01
1.484599563345372353e-01
7.472857285389973570e-02
3.317759200736924985e-02
7.054392570853994238e-02
1.665715374287993489e-01
2.660468456816940663e-01
3.240526887542917178e-01
3.527368038116564519e-01
4.017996839046636959e-01
4.799584708375309594e-01
5.275908456676510205e-01
4.787060269146654612e-01
3.337406406473635845e-01
1.764966595664987647e-01
8.970945910934308154e-02
6.252955157628659055e-02
2.136327712290533171e-02
-3.573705703611922829e-02
-5.417133911838898502e-02
-3.236930906419844406e-02
1.504002550642405964e-03
2.953690609228759242e-02
3.399168515752799824e-02
3.876619883990958110e-03
-4.592772553839578886e-02
-1.003714375197872627e-01
-1.640156512474892081e-01
-2.378776735252671470e-01
-2.988934129641430681e-01
-3.218310110505254173e-01
-3.088564084952620803e-01
-2.860272839861237593e-01
-2.704059336157648152e-01
-2.525419563960872860e-01
-2.147170973819456374e-01
-1.518464338783285239e-01
-9.276708344426769226e-02
-8.373444956766830372e-02
-1.467875302818392458e-01
-2.479858640773400791e-01
-2.826105692717184037e-01
-1.776819213039780021e-01
2.871576313726459037e-02
2.039740628821920809e-01
2.810023433633703216e-01
3.456942909685243315e-01
3.946592512367609884e-01
3.515299382830656127e-01
2.604036855583128918e-01
2.075958010042470436e-01
2.109148338507040588e-01
2.173668138492221846e-01
1.599122150790069641e-01
-1.418587159790869398e-02
-1.961983176899284309e-01
-2.632482122085570420e-01
-2.820472841917393558e-01
-2.381894766784381778e-01
-1.501907105925301411e-01
-1.526074926470433746e-01
-2.386522894196592137e-01
-3.103246912257028312e-01
-3.395135399014976296e-01
-3.468551406184018360e-01
-3.210921345843718022e-01
-2.466234895810822392e-01
-1.538706797106456914e-01
-9.156109310729419748e-02
-9.625518174520376891e-02
-1.510428902658656203e-01
-1.529994200230974932e-01
-4.814733545436569728e-02
2.093634318461664798e-02
-2.223295562686331342e-02
-6.485813047320078406e-02
-5.015838996132183231e-02
-4.763345500291070282e-03
9.251074614725730838e-02
1.891717052841230817e-01
1.915940322451461508e-01
1.597330035051813812e-01
1.603659270957486227e-01
1.750689895043608391e-01
1.695277996580860369e-01
1.481080503436151830e-01
1.274392239606038923e-01
1.178819722579481089e-01
1.174741230262423691e-01
1.138809478914451778e-01
9.591928207800805295e-02
7.143767836995906784e-02
5.485417174261960488e-02
4.319400111234322076e-02
2.379679600906110803e-02
-1.466894613486380457e-02
-6.760640425450581414e-02
-1.055892907596685942e-01
-1.029063807617019571e-01
-6.105081331777279657e-02
-1.101135486789383416e-02
1.956945787005508197e-02
3.109435834053496037e-02
3.862628558150541652e-02
6.291248935785499763e-02
1.133885331418237330e-01
1.638964634389258879e-01
1.913980546384051185e-01
2.057943563024021982e-01
2.105165753161376552e-01
1.890822903375787567e-01
1.377794523895143897e-01
8.488278013667814592e-02
6.625881295178784325e-02
1.001036892968251296e-01
1.641122809410370809e-01
1.921188995019817436e-01
1.648744476416988125e-01
1.364860166579650869e-01
1.436553707449476636e-01
1.719236533268770351e-01
1.900160971902647156e-01
1.777631525243154320e-01
1.361061301792718947e-01
8.149551871957781690e-02
3.310227283575705587e-02
-4.706431328226634743e-03
-3.336888718881964727e-02
-4.186026972752638492e-02
-2.220554598624825335e-02
1.157971011916137001e-02
3.488681902512046074e-02
3.852729169955199096e-02
4.122278235776274252e-02
8.873443740541521463e-02
2.291380850374321598e-01
3.675681224092040011e-01
3.895743056103804225e-01
3.576196844428816135e-01
3.486337791488840487e-01
3.561096026299542250e-01
3.471052234757719956e-01
3.087377953311207790e-01
2.400546065854588240e-01
1.554912645465027776e-01
7.999586928919913409e-02
2.990940246972816768e-02
1.500677038452873872e-03
-1.812107097734932254e-02
-3.120413758935927304e-02
-3.760098979240685674e-02
-4.927775871624070353e-02
-8.493800589923070077e-02
-1.605885286839786319e-01
-2.727170563791857516e-01
-3.504352219352863673e-01
-3.390802087800924292e-01
-2.932166924366465532e-01
-2.728185366357416264e-01
-2.563282170767031687e-01
-1.805084133546215330e-01
2.249163395937305715e-02
2.685738768163177248e-01
4.119023578604698588e-01
4.677522831710486662e-01
4.567913016296367701e-01
3.589754583162201862e-01
2.201392569638795649e-01
1.244070928688983391e-01
9.593246381011512336e-02
9.256159467782705541e-02
7.534906444323777319e-02
3.686757091488748750e-02
-2.569514541604168631e-02
-1.425867119918615145e-01
-2.255923416652103053e-01
-1.775068058763987766e-01
-1.097213258404066555e-01
-1.287472493958106146e-01
-2.077623118865431773e-01
-2.836558533608454780e-01
-3.283311101611454674e-01
-3.200570758892570256e-01
-2.278809277439966807e-01
-7.164672760669218987e-02
7.514592801467996630e-02
1.406367638392002628e-01
1.030606267423410799e-01
2.893012257961753361e-02
-1.816549069905929251e-02
-3.878818154534798696e-02
-4.460190837715991702e-02
-3.457652418888285117e-02
-1.678622649092708502e-02
-7.003008996863915869e-03
-8.219603602237076853e-03
-8.773226394012293566e-03
1.470397696640065796e-02
3.618989277663969828e-02
1.302486957265962079e-02
-2.799602226441840619e-02
-5.165951967751885449e-02
-5.151737129065519366e-02
-3.136775655779621558e-02
1.140023223993425101e-02
7.851695903112537733e-02
1.460140491939612151e-01
1.698367131929046647e-01
1.300735883305967344e-01
4.696323505254711150e-02
-5.450634974422387258e-02
-1.541465213169244119e-01
-2.252257929328725650e-01
-2.572431455792657529e-01
-2.410818060438493504e-01
-1.647027647077823898e-01
-6.857568123688659312e-02
-1.427461203361986807e-02
-4.242727599500104030e-03
-9.125438056673486689e-03
-2.513037721625789936e-02
-6.511216554079826691e-02
-1.325991293975799235e-01
-1.937472303892944225e-01
-2.069889396915366719e-01
-1.825352161880298418e-01
-1.523841237691033190e-01
-1.280232295697838474e-01
-1.057637046120488283e-01
-8.196344249635999224e-02
-7.183382028607181169e-02
-8.405728490358937988e-02
-9.513884680253750781e-02
-9.278620415708381530e-02
-9.211517091576448824e-02
-1.067058966135263631e-01
-1.336372683955150409e-01
-1.685251526249051668e-01
-2.096248753032858292e-01
-2.572765421102735650e-01
-2.957344376193943303e-01
-2.595033884948086400e-01
-1.406626984098993394e-01
-3.006494790257847882e-02
2.086330207838374765e-02
3.163640077691075997e-02
3.536843618342645768e-02
4.416295357042552411e-02
5.384349789052501195e-02
5.559516222929675178e-02
4.784800576536742123e-02
4.032044818459742941e-02
4.536543618880498757e-02
6.186369324643678502e-02
7.380900878133561660e-02
6.881163004353681167e-02
5.267001107550009498e-02
4.053761916523792447e-02
3.944685590565655264e-02
3.910941049029771632e-02
2.339195872111325333e-02
-9.960833946654824508e-03
-4.714210185366964068e-02
-7.651798091225819887e-02
-1.004139428048408944e-01
-1.343533602581855613e-01
-1.919090382147410900e-01
-2.492168872810490710e-01
-2.665465110055620923e-01
-2.546846705922149456e-01
-2.465277322830097817e-01
-2.462096156720563200e-01
-2.283821355835134459e-01
-1.628706689591472301e-01
2.359380718275187749e-02
2.433018243030159733e-01
3.016336723879726178e-01
2.414326263966789510e-01
1.906918686540570174e-01
1.664847908677110633e-01
1.335048107886711299e-01
9.675171480402101898e-02
7.915209382273750982e-02
8.037477051738563250e-02
7.888029863983626877e-02
5.476080750829040444e-02
2.241952509148199043e-03
-6.110507198299190701e-02
-1.095746772655830231e-01
-1.338360875806380856e-01
-1.434814835182900705e-01
-1.509756739710565732e-01
-1.588370889937544272e-01
-1.563603110011892172e-01
-1.321420916327588624e-01
-8.922970815925340693e-02
-4.317896333208418730e-02
-3.272479226600453258e-03
3.656019108824432734e-02
8.248009712101092572e-02
1.240853839696959282e-01
1.482081904065503664e-01
1.568453692750849948e-01
1.613007508180152039e-01
1.674834355831862076e-01
1.684230212951247085e-01
1.384145751266504243e-01
8.050962190360776150e-02
4.281678958279629826e-02
4.034699270088415446e-02
4.067144832171982333e-02
1.443496603057128208e-02
-4.641152165632044663e-02
-1.106146767793990682e-01
-1.304014475434513987e-01
-1.083066700061414284e-01
-8.140674919445180235e-02
-6.452486319414596494e-02
-4.745480436566076876e-02
-2.548891724433262340e-02
-7.676669128050719881e-03
-1.441111667355276203e-03
-1.077483748683993447e-03
1.063053631656203993e-02
4.367751364662872393e-02
9.036035701114857044e-02
1.188518002365151482e-01
9.780240238124350560e-02
4.370385612233892297e-02
5.121821665105513559e-03
1.320273994306514834e-02
7.767136048654524338e-02
1.578869574984478052e-01
2.024055002267174386e-01
2.242593199217733924e-01
2.461964027372431363e-01
2.636506352207439452e-01
2.683923222474948744e-01
2.616441610859061573e-01
2.476157669038613340e-01
2.253592185178998342e-01
1.778579062966421098e-01
6.867011851076292028e-02
-6.594334393200823596e-02
-1.373114091669982439e-01
-1.375783669425667266e-01
-1.104528251177715331e-01
-8.166942911698518714e-02
-5.604889399436692454e-02
-4.014357984775416416e-02
-3.867515510150233704e-02
-4.726001395181578940e-02
-5.951160987587190282e-02
-7.234353926752853936e-02
-8.091787684449197604e-02
-7.446363777506596893e-02
-4.243981560289661337e-02
3.227343596106066470e-02
1.176412919383850453e-01
1.542221914489367574e-01
1.542762103641455440e-01
1.517244157092358103e-01
1.458386886186296694e-01
1.248720409855736263e-01
9.028193037352717776e-02
5.015747184150248783e-02
1.742877618127237557e-02
2.615042266416360908e-03
1.091903608728931165e-03
-2.131317105653531257e-03
-9.462775953326792167e-03
-1.067786355760129598e-02
-2.046026861512847874e-03
7.090344201363479870e-03
7.100272532073688414e-03
-1.767148181329394495e-03
-1.293119191494450197e-02
-2.155067581361256451e-02
-3.183565426251032393e-02
-4.946938501913947239e-02
-6.576462823585106643e-02
-7.018025538488439907e-02
-6.932299209190449785e-02
-7.395198930326750408e-02
-7.934157931213037251e-02
-7.195925135380912274e-02
-4.107864774354721277e-02
1.140420076088884127e-02
6.207061399419040726e-02
8.564171244623748624e-02
8.093474970086017573e-02
6.084616078437882908e-02
3.289333994935422778e-02
1.170529643623441016e-03
-2.740914755036428369e-02
-4.376258744589912181e-02
-3.779621362211419561e-02
-9.754095294372943509e-03
1.858255638183674632e-02
2.505935450499855582e-02
1.468679581007365821e-02
5.180185083366708847e-03
9.051202184621547596e-04
-4.659363291381034451e-03
-1.956404978097257136e-02
-4.443402970139469915e-02
-6.286940946811309106e-02
-5.664081696949820055e-02
-3.002506847431089115e-02
-2.950582659386783661e-04
2.596485533419037178e-02
5.187115248278882651e-02
7.817848853926441521e-02
1.004500079028687598e-01
1.135245650978727316e-01
1.172716994766682674e-01
1.175538737003883893e-01
1.193517647919184743e-01
1.217203387598695258e-01
1.213935407390765442e-01
1.179195484251931575e-01
1.130298002432174875e-01
1.071588851043473456e-01
9.405607197067247793e-02
6.733181115819428242e-02
3.867450502189578865e-02
2.689603979960021596e-02
3.041376884862230165e-02
3.675732250998408474e-02
4.244948388580430110e-02
4.275974237014023432e-02
2.539530623536807516e-02
-1.114596454987926838e-02
-5.284434413243201123e-02
-8.761108231169159599e-02
-1.096948199626775616e-01
-1.169703973909386324e-01
-1.167312821478187629e-01
-1.206998921713715867e-01
-1.320654283788628702e-01
-1.441132036629562685e-01
-1.466156538833947032e-01
-1.313141884180773211e-01
-9.724404293572611047e-02
-5.140825533285419552e-02
2.201831004378190966e-03
5.389366674423250181e-02
6.792766389935420146e-02
3.093349067176091871e-02
-2.039013767932856477e-02
-5.260349990851707208e-02
-6.080547645205782586e-02
-5.515176335646866657e-02
-4.597182922257127963e-02
-3.940942188351663489e-02
-3.829140595495368615e-02
-4.161092837622012985e-02
-4.600543142272492392e-02
-4.882117898095431757e-02
-4.784793825724608513e-02
-4.045655254133025125e-02
-2.397324313798245357e-02
1.783875625757525745e-03
3.096081631822221458e-02
5.570102532536739398e-02
7.528342970620086061e-02
9.359004021743098922e-02
1.104203379772024096e-01
1.213070360021833438e-01
1.225845374832326834e-01
1.130529959130203571e-01
9.385965140887606029e-02
6.930583992510799818e-02
4.496141118120099145e-02
2.412495513804005162e-02
5.923917499926141181e-03
-1.313996394340129041e-02
-3.473274218980827721e-02
-5.890130747487411916e-02
-8.809728007707533226e-02
-1.228828172324299278e-01
-1.554039008094691421e-01
-1.720004143724419288e-01
-1.557388588437376153e-01
-9.474823846260724269e-02
-1.816569816074787777e-02
1.308873042553740547e-02
-1.432442787840293441e-02
-6.172727505995712766e-02
-1.022681489261735716e-01
-1.309700698375254047e-01
-1.389501461344161137e-01
-1.137977486342159616e-01
-6.284362283167610475e-02
-1.378229542395984115e-02
1.062490569337871775e-02
1.150185855081814652e-02
4.085268659173236366e-03
-1.827509752982572726e-03
-3.530687961109728063e-03
-3.463438456518077896e-04
6.611640600882153287e-03
1.301471841586357425e-02
1.319245936445714341e-02
5.658325039681092253e-03
-5.249961752105928789e-03
-1.483757021415512030e-02
-2.181804159165941920e-02
-2.715371769055950971e-02
-3.275059330322648010e-02
-4.043714560518410495e-02
-4.942180814909073738e-02
-5.632701480234171554e-02
-5.924666960295345286e-02
-6.071942087141053018e-02
-6.638749929836612607e-02
-8.029196707466278171e-02
-9.730173145205149587e-02
-1.064518822685121685e-01
-1.087583072126783873e-01
-1.128273044910706041e-01
-1.157511807771111761e-01
-1.062044108433138484e-01
-7.935820900535815736e-02
-4.833438613698737285e-02
-3.503408217484269699e-02
-4.104882536085441985e-02
-4.969549077129548076e-02
-5.351070404681727150e-02
-5.648304828522983378e-02
-6.060514627981990199e-02
-6.247334660068023376e-02
-5.862648891919106098e-02
-4.884092981053093918e-02
-3.616231510109008118e-02
-2.429187605812123049e-02
-1.541084297557624751e-02
-9.503083606511829318e-03
-5.422691049758638498e-03
-3.488236090393673910e-03
-5.652980289759918474e-03
-1.279602369221137168e-02
-2.280533093016362187e-02
-3.157210900350002764e-02
-3.622216696701600902e-02
-3.784689399431628853e-02
-3.847813313061684837e-02
-3.609674835431785078e-02
-2.427450894825084263e-02
5.905071880944570348e-03
5.151964390240054009e-02
9.291743848080505352e-02
1.202314728786564174e-01
1.390227023458708022e-01
1.501957553993632510e-01
1.496462776068256950e-01
1.411220363325317861e-01
1.329128317662839620e-01
1.266801231112340831e-01
1.195048549137602695e-01
1.096341354649155581e-01
9.627250595197169025e-02
7.665826321324774317e-02
4.520130484183561281e-02
2.813104586443347307e-03
-3.921492458526783936e-02
-7.533291479204021202e-02
-1.059919451462670859e-01
-1.246769087930993808e-01
-1.274872918158637958e-01
-1.208238273557982329e-01
-1.096541888388022079e-01
-9.114702414351349979e-02
-5.940523117339010367e-02
-2.313519733751848509e-02
2.053943893237715479e-03
1.853357989089805119e-02
3.666736071467621011e-02
5.827576468913046176e-02
7.744503142255938777e-02
8.935621991680581244e-02
9.453068026562511106e-02
9.704851722957025251e-02
9.923239577274019230e-02
9.831619759482709831e-02
9.081202203918130322e-02
7.784874337154874813e-02
6.365199058199297322e-02
5.113509528031354862e-02
4.061256386803731300e-02
3.123648244608840524e-02
2.255765045312265599e-02
1.452244136380102801e-02
5.869727906678230689e-03
-7.402720753998704405e-03
-2.615080994917294913e-02
-4.281491203764870718e-02
-4.775419396034578934e-02
-4.018537969313744351e-02
-2.899497374402791594e-02
-2.212448316039157190e-02
-1.974048718384254636e-02
-1.666566451113715014e-02
-7.854811017832093178e-03
9.114750046542587081e-03
3.261909074849213275e-02
5.748881561839173926e-02
7.972362288360396176e-02
9.725349122840409866e-02
1.035606120233519140e-01
8.449965331181509554e-02
4.373699135838562263e-02
4.112233508221084001e-03
-2.505984454420657689e-02
-4.732419691908380105e-02
-6.660127498898425757e-02
-8.499915393262139074e-02
-1.017388976932272482e-01
-1.113564463814028932e-01
-1.012042304188009723e-01
-7.367348120242411813e-02
-5.038169081111333603e-02
-3.444268411891030640e-02
-9.449806726814526797e-03
3.874175138249325717e-02
9.597726424725894212e-02
1.247198966213516613e-01
1.226203517162158946e-01
1.212170316388818392e-01
1.322907377786681216e-01
1.449301006038474227e-01
1.516223405109253519e-01
1.545869470283601221e-01
1.546024110697424570e-01
1.419791204819492447e-01
1.112253486121732304e-01
7.737880650351397493e-02
5.542007424325452042e-02
4.420949257440260488e-02
3.742943961124552132e-02
3.066478251334784841e-02
1.795965503301224023e-02
-6.195889945638870591e-03
-4.262395667644681280e-02
-7.248729619035368388e-02
-7.540899756645068341e-02
-6.361052998312138884e-02
-5.788409753430309723e-02
-6.007143036270316816e-02
-6.272231053574631177e-02
-6.251440348823908422e-02
-5.678390033094918299e-02
-4.023818306708695086e-02
-1.003497813189873321e-02
3.395122423305829695e-02
6.958003665012767180e-02
6.592004321685905610e-02
2.994818542608971776e-02
-9.972909856521303823e-03
-3.837983135527763684e-02
-5.169521899360825928e-02
-5.121721777211761528e-02
-4.374254915681191624e-02
-3.498668918577409193e-02
-2.678837790801178592e-02
-2.042289719024560635e-02
-1.772056885732726378e-02
-1.830027171399479027e-02
-1.909717183761540371e-02
-1.804393569061532240e-02
-1.620737874139123805e-02
-1.528837067529121435e-02
-1.541878114456559506e-02
-1.485589816663818695e-02
-1.126384277073757927e-02
-4.392873094533522767e-03
3.465603137746757403e-03
1.027130560947733633e-02
1.635870563496911664e-02
2.361301986440695125e-02
3.273667209257580951e-02
4.240876905876098113e-02
5.134115848696681889e-02
5.987867059303501882e-02
6.908466661077583559e-02
7.937942354097231312e-02
9.009137568966922582e-02
9.997442713180917928e-02
1.081191320738783407e-01
1.135469611702002307e-01
1.152340142061670236e-01
1.124532446257226620e-01
1.054649227507239578e-01
9.638287277550518228e-02
8.735828220631212948e-02
7.706904987736881707e-02
6.175984478930637150e-02
4.112386578960448152e-02
1.968633813036453628e-02
3.666203981223765257e-03
-3.919053169683793525e-03
-5.792328469407797588e-03
-6.338352261624804508e-03
-7.443812979100796270e-03
-9.269232953226102731e-03
-1.206613809898622949e-02
-1.573119717888084301e-02
-1.849469688545722287e-02
-1.784703262000934126e-02
-1.277662327837829868e-02
-4.664584873194258484e-03
2.894688226708429669e-03
5.622149524585107888e-03
1.351117169985866732e-03
-6.892572785221920927e-03
-1.432235106575367040e-02
-1.976725785304228947e-02
-2.599534656368863994e-02
-3.458296549580373858e-02
-4.409665904410498688e-02
-5.224374464464255630e-02
-5.790203516576817450e-02
-6.096795567425579432e-02
-6.238806455474154439e-02
-6.318028315331777889e-02
-6.293060274892441075e-02
-6.001578084486836051e-02
-5.302908687297697155e-02
-3.920468345726716569e-02
-1.648369437356991818e-02
1.142852318960240962e-02
3.562091999429696509e-02
4.774399161425619403e-02
4.554302398542103836e-02
3.465608453865608174e-02
2.105849329687023430e-02
7.437886166847933363e-03
-5.131442246494163570e-03
-1.451650186912511326e-02
-2.055605257696782942e-02
-2.443644384828974267e-02
-2.728629357170886741e-02
-2.748743870531810893e-02
-2.423000151849746472e-02
-1.714237793937877299e-02
-1.184888496390777528e-02
-4.574776764206002315e-03
2.233329068624581159e-04
3.142802218730866414e-03
4.386558397275115186e-03
5.065657509888833732e-03
4.368166060600781921e-03
1.236073232643572668e-03
-5.692360432913315046e-03
-1.558367747693953885e-02
-2.675929252150276161e-02
-3.711588077567613136e-02
-4.588176112412949842e-02
-5.299216578770448577e-02
-5.917276165579498509e-02
-6.480586207046870606e-02
-6.997455647612757512e-02
-7.395356944790143494e-02
-7.560553372576842013e-02
-7.285889322153089875e-02
-6.398562154341076724e-02
-4.978930088429266848e-02
-3.359300735398216414e-02
-1.855440090189532099e-02
-6.636752960251563263e-03
1.772500328029334802e-03
7.586862228687567787e-03
1.150336865160542406e-02
1.300065729359015793e-02
1.181148857758583699e-02
8.633632569130049103e-03
4.545265780822546099e-03
2.206786629646431208e-04
-3.847548377408815251e-03
-7.518418723707401101e-03
-1.073192575551793621e-02
-1.375923894251018798e-02
-1.671863717071336505e-02
-1.976056743624408224e-02
-2.254950043471892415e-02
-2.457813232031779913e-02
-2.547681593061630959e-02
-2.528724191494015686e-02
-2.470088758979747945e-02
-2.438169245009572106e-02
-2.462603760193375624e-02
-2.543750592026119972e-02
-2.653466745194012558e-02
-2.770728572607194032e-02
-2.893081705432283199e-02
-3.011827373166485813e-02
-3.103297584985635973e-02
-3.134422542168913139e-02
-3.080364061347983656e-02
-2.951029889627429514e-02
-2.780680221024557988e-02
-2.593591155545343571e-02
-2.399817700967402101e-02
-2.204970927694534927e-02
-1.999935499403572570e-02
-1.762717755616305740e-02
-1.492599805221876685e-02
-1.232065597365649204e-02
-1.040796986386960908e-02
-9.534827811774644959e-03
-9.620472536916419015e-03
-1.020285803937122718e-02
-1.044110126220150654e-02
-9.344404019787248827e-03
-6.531958655423789062e-03
-2.580681874752074629e-03
1.455450088282136652e-03
4.551885454516743125e-03
6.105984744080945360e-03
6.287934195554934456e-03
5.766690796777110967e-03
5.037335388934604564e-03
4.241805360662796037e-03
3.367584467728085285e-03
2.390424852878380701e-03
1.264165293144537327e-03
-8.809728001890933930e-05
-1.707250741744203168e-03
-3.506085570257852588e-03
-5.213388255861792914e-03
-6.346962232608767580e-03
-6.409477301841310856e-03
-5.325593224227747474e-03
-3.459226189773460108e-03
-1.162261307262227534e-03
1.553746090960218904e-03
4.971159719680226172e-03
9.047126515957522319e-03
1.317218025765517879e-02
1.674322629891744629e-02
1.945253092707958931e-02
2.103787959475109104e-02
2.098091296996129965e-02
1.875992824748638765e-02
1.490004999033253848e-02
1.079392560082421959e-02
7.737630081256070998e-03
6.190984636060740606e-03
5.556045120902479775e-03
4.991166808950066661e-03
4.305657880274615414e-03
3.705007745693243443e-03
3.387992445129438777e-03
3.636596153551254797e-03
4.883208628693500898e-03
7.255739289393678057e-03
1.033266426701171838e-02
1.348859101952446481e-02
1.617685548882821095e-02
1.799006756985808281e-02
1.869855261248360226e-02
1.825203213573368954e-02
1.676293110451418725e-02
1.446301233781134912e-02
1.155858002379964340e-02
8.117711777458784528e-03
4.104615601358891329e-03
-4.570814309534359382e-04
-7.578721610916498881e-03
-1.325954819179323008e-02
-1.661725145740578641e-02
-1.714214909011064700e-02
-1.471527982279664457e-02
-9.940830557950829094e-03
-4.004388407207482362e-03
1.031914930510329691e-03
3.742507607305472356e-03
5.863785248956802920e-03
7.335709266203640014e-03
8.260968070470156230e-03
8.894049629842339100e-03
9.474644027770824650e-03
1.008653002879090523e-02
1.066136266087417891e-02
1.112479814074138554e-02
1.152833219161781414e-02
1.196301676793478166e-02
1.241244276756363341e-02
1.278621582936251277e-02
1.305449284343328589e-02
1.326053921711664932e-02
1.343108871332721922e-02
1.355960023329840121e-02
1.364368275242162573e-02
1.364102578489568771e-02
1.349807181543983235e-02
1.322191441341072533e-02
1.280002346105336107e-02
1.219854154165057533e-02
1.149159753835732843e-02
1.077737037912263919e-02
1.013975634342008381e-02
9.643518647941769911e-03
9.235074857059396777e-03
8.883101311378836795e-03
8.563556900823344684e-03
8.241520931111913709e-03
7.980164348956007847e-03
7.754705623081643330e-03
7.627229876632024043e-03
7.557840992494663408e-03
7.552452801235939872e-03
7.533283444243268033e-03
7.454744477613025645e-03
7.239708376010533554e-03
6.866909592301084948e-03
6.323847438864162521e-03
5.653477056557633211e-03
4.884582843368651985e-03
4.078878489227705413e-03
3.283950144998215581e-03
2.583156740975899642e-03
1.997049601162583995e-03
1.551013828361501746e-03
1.225143632180708325e-03
1.073899651933188978e-03
1.088992001224656442e-03
1.270419882264251085e-03
1.471008746937578623e-03
1.621070288806450389e-03
1.612917131131203722e-03
1.528776392992820714e-03
1.322167756250756205e-03
1.061090099512871894e-03
6.138220948941462305e-04
9.526631496767254100e-05
-2.491877798183276399e-03
-5.337366207182774915e-03
-8.859610308243434651e-03
-1.215919315848434067e-02
-1.608131276035327031e-02
-1.923267414156859534e-02
