# accelerations in g, dt = 0.01
2.609738192932396436e-02
1.964446779846767618e-02
1.668092698988535988e-02
1.338912132668034459e-02
1.048955508951907728e-02
8.163000376584022763e-03
6.987963784539604969e-03
6.939001143178848315e-03
8.164963945511074725e-03
1.034224318520997506e-02
1.331983358730028620e-02
1.667602462943313518e-02
2.023787600872774609e-02
2.378982681390357998e-02
2.743776619929311211e-02
3.126538296156051305e-02
3.543065457349051095e-02
3.979971749783349499e-02
4.403216857074180451e-02
4.742751603585414200e-02
4.919812632741412534e-02
4.862092114272709847e-02
4.544538959931827132e-02
3.997722629643998132e-02
3.310738936512460512e-02
2.599239689669215550e-02
1.975912281269787130e-02
1.514899900065954340e-02
1.248744173925663697e-02
1.170789213820623217e-02
1.248080384128850973e-02
1.424471421571145945e-02
1.640575864114214230e-02
1.843555393717177457e-02
2.008302613771107553e-02
2.134531289690505193e-02
2.252351613176406184e-02
2.383120254028733842e-02
2.530685369872635176e-02
2.653024363001315472e-02
2.684274231667650029e-02
2.547865100452331721e-02
2.204654462846764376e-02
1.688061435113986583e-02
1.076826370549645480e-02
4.636533902918451786e-03
-1.049469080032171568e-03
-6.897966984420869641e-03
-1.134726165105691929e-02
-1.483138777965281249e-02
-1.776806421003163453e-02
-2.035867600870115354e-02
-2.255996010102941096e-02
-2.406476746897440525e-02
-2.428892970166309992e-02
-2.246986617641774653e-02
-1.790175943790695001e-02
-1.021028688418553453e-02
3.138861167377327444e-04
1.025109213965017148e-02
2.032548685809853345e-02
2.856211174858686724e-02
3.304519709648670589e-02
3.258071781359864194e-02
2.704688671348591880e-02
1.730179831637088106e-02
4.921826187889215276e-03
-9.944165864921781367e-03
-2.481952175487198500e-02
-3.777590383293609466e-02
-4.882908454457488695e-02
-5.823404071214600269e-02
-6.587141032001184171e-02
-7.141819742558334905e-02
-7.467913249859310654e-02
-7.539197062319048792e-02
-7.261808577894784955e-02
-6.422673836059628050e-02
-4.742782082733040805e-02
-2.138399771406878508e-02
9.408035258773872478e-03
3.744992168895131673e-02
5.885935175961320986e-02
6.969028852756409265e-02
7.009542977795750474e-02
6.413230811958968436e-02
5.645134968398916875e-02
4.871275356843886989e-02
3.999533521718763585e-02
2.971034727153432087e-02
1.903934002508496370e-02
9.523382149387367435e-03
3.112385544229011205e-04
-1.423263672670940783e-02
-4.189918587787638815e-02
-8.570748451896706421e-02
-1.376593994176617264e-01
-1.837082245722615192e-01
-2.119228062510633281e-01
-2.178127065080074642e-01
-2.081550198842659627e-01
-1.920190797196026089e-01
-1.743991166438033646e-01
-1.542163194209369703e-01
-1.289791305875865879e-01
-9.800729284422723953e-02
-6.355527854069728533e-02
-2.992923263170359574e-02
-4.554118642609047258e-04
2.446400123241931901e-02
4.615611904756408007e-02
6.499744620748985902e-02
7.846122634500495019e-02
8.192346734171029876e-02
7.239243543287066096e-02
5.156425264135648667e-02
2.519827185075202564e-02
-3.167971155501289908e-04
-2.076182636581386937e-02
-3.494311196567402578e-02
-4.437803291781481502e-02
-5.136476554346007528e-02
-5.683484179782832824e-02
-6.061989115209142492e-02
-6.309500324274916472e-02
-6.542678873203221224e-02
-6.843495311907986378e-02
-7.200545249626288946e-02
-7.492220170374724875e-02
-7.505156883011845914e-02
-7.042034761482408867e-02
-6.063166551373010832e-02
-4.712593103507833892e-02
-3.199110259050821914e-02
-1.629702242910768470e-02
1.166493347093261902e-03
2.189364704235801512e-02
4.435857862865387469e-02
6.407437972160469342e-02
7.532106475877281548e-02
7.312401843079582853e-02
5.624963636524077382e-02
2.894527386728899809e-02
-1.583508082276720340e-03
-2.907571637163442260e-02
-5.001639624230429931e-02
-6.427348150790440640e-02
-7.293009194678848339e-02
-7.491971819339414418e-02
-6.819669256250478206e-02
-5.285092852780415296e-02
-3.237982966670922141e-02
-1.237698209014505626e-02
1.920787521993980347e-03
7.215148965381456420e-03
2.840558897482236504e-03
-9.278020231529822762e-03
-2.541687137487330314e-02
-4.123258478431192364e-02
-5.292389669412425612e-02
-5.759776003705958242e-02
-5.402257862566690882e-02
-4.347713411043335752e-02
-2.893245438435525577e-02
-1.343594450170984035e-02
7.997819477210224874e-04
1.254884846009740422e-02
2.193536610102764933e-02
3.074165963126191184e-02
4.197738506573649164e-02
5.896522381710617156e-02
8.301796066354080739e-02
1.113078064524345573e-01
1.370144325477102576e-01
1.506515362069061614e-01
1.429097224962236901e-01
1.121742462119036110e-01
6.914735076912358058e-02
3.029499227323937532e-02
8.091245735733837083e-03
4.332976369257063830e-03
1.071239834484725983e-02
1.700308772361813769e-02
1.791669593499132726e-02
1.346195732466751865e-02
4.721568192253083017e-03
-1.026591197545917607e-02
-3.545457687886800768e-02
-7.081217345581469758e-02
-1.078620061180894374e-01
-1.318781625639046384e-01
-1.278109229601960828e-01
-9.108040505542751297e-02
-3.395067028566060158e-02
2.580384689307138948e-02
7.910903977096912787e-02
1.298958981474485630e-01
1.830325576179292757e-01
2.297133196595312621e-01
2.530125643978472505e-01
2.460193432620601528e-01
2.180612874923711919e-01
1.840004612579527743e-01
1.545557540170220678e-01
1.329258048665579173e-01
1.131270549973349554e-01
8.505093480619360657e-02
4.509773481018108932e-02
-1.031146279691135849e-03
-4.369452356564699352e-02
-7.492333687364120809e-02
-9.090239217992494847e-02
-9.396053928567814351e-02
-9.065817103214963979e-02
-8.554191933401077141e-02
-7.920954110316189012e-02
-7.086973072124111428e-02
-6.009791366481263830e-02
-4.734525220066627960e-02
-3.476191108781249289e-02
-2.518670450743401568e-02
-1.876929994674295110e-02
-1.059704434341236789e-02
7.354864499998915554e-03
4.247336548871217393e-02
9.274854234043088119e-02
1.407797494378741077e-01
1.650178913525820190e-01
1.588352484806203613e-01
1.336749369144803190e-01
1.033042994496523870e-01
7.353557870790330964e-02
4.425461030428862880e-02
1.355207973614832098e-02
-2.033200280838081547e-02
-5.555092503652580421e-02
-8.448537825656403377e-02
-9.872423157886051071e-02
-9.564298927193246036e-02
-7.921904671627656713e-02
-5.614378217491090839e-02
-3.166058147904989711e-02
-8.663575334296121783e-03
1.033609768053051804e-02
2.231501980326040108e-02
2.558136497331240863e-02
2.124264565820108835e-02
1.298154065585932493e-02
6.539225648315700676e-03
8.600745074652410907e-03
2.195868261738812346e-02
4.113383630646860745e-02
5.603154264014376107e-02
5.844530139878694602e-02
4.566604808231198437e-02
2.145622352647471448e-02
-6.704692752046802380e-03
-3.253497091921835060e-02
-5.320723184915147203e-02
-6.807991717705570711e-02
-7.800035022358121906e-02
-8.515517425189536582e-02
-9.014399248413931809e-02
-9.077860085355726749e-02
-8.496914335846568467e-02
-7.260410836688330205e-02
-5.494261050280475900e-02
-3.374567703318753081e-02
-1.086450844618837633e-02
1.156770879587880330e-02
3.062105614142888316e-02
4.273987026861139626e-02
4.534108795614011367e-02
3.912158342683252216e-02
2.877090829048100859e-02
2.038058718353627854e-02
1.772919037131217776e-02
2.087012164292914237e-02
2.711752583258195126e-02
3.308284229946628630e-02
3.656056914592198392e-02
3.691049045312182891e-02
3.400791841455251541e-02
2.809376722989339117e-02
2.068983205804731523e-02
1.435314324085600925e-02
1.134598553305413322e-02
1.270091072925856428e-02
1.792826810304984711e-02
2.419066514475950308e-02
2.617163792241779252e-02
1.866076483162405417e-02
-5.016477643009994731e-04
-2.886027717932781317e-02
-5.863340780314682532e-02
-7.869738822261260203e-02
-8.124807028226645189e-02
-6.838334014503352765e-02
-5.074626820252081671e-02
-3.930569973365344305e-02
-3.833869233497429890e-02
-4.597856621962313761e-02
-6.046301531878321700e-02
-8.392750575342212971e-02
-1.199251387763115712e-01
-1.662528203941192606e-01
-2.090057989479313372e-01
-2.258103605440779371e-01
-1.934792004662126141e-01
-1.056391977673933613e-01
2.925337575659015324e-03
7.810845639323481249e-02
1.019100706584177007e-01
9.512616039748403307e-02
8.082227332256131103e-02
7.107004838802195856e-02
7.019739028394247904e-02
7.565310973144058482e-02
8.045420199506950198e-02
7.979554869566919673e-02
7.424828656145113226e-02
6.538907065650191586e-02
5.036813125591846352e-02
2.326759031491019633e-02
-1.889196418494352991e-02
-7.076411093078747994e-02
-1.171774768760719121e-01
-1.381244669556538074e-01
-1.173503145609003789e-01
-5.330064746578119100e-02
2.988985379297501299e-02
9.227815447720941200e-02
1.091380961256220306e-01
9.006389606585983587e-02
6.192525353621507189e-02
4.204311964962430953e-02
3.474871166271473188e-02
3.848179641158300940e-02
5.000791851761616363e-02
6.796542579296643849e-02
9.345156483280461779e-02
1.237137491574873960e-01
1.466909347974282019e-01
1.459525918754578100e-01
1.155587348527183644e-01
6.647126323452437480e-02
1.565637473898395457e-02
-2.762237439294668723e-02
-6.295402378124506648e-02
-9.188295566416679327e-02
-1.147544374009089596e-01
-1.307797465963365657e-01
-1.388455610034838583e-01
-1.387438024857647334e-01
-1.316801704905284920e-01
-1.186301217498150484e-01
-9.891475768425858628e-02
-7.146477965744302274e-02
-3.701331201996827663e-02
1.189504560949357359e-03
3.863543487477971716e-02
7.162892754145043506e-02
9.771321785609253519e-02
1.139144885086772752e-01
1.168101108698297724e-01
1.055556159937499489e-01
8.379788731260794099e-02
5.901215462862120092e-02
3.846655563096996328e-02
2.463828685862419141e-02
1.519092927397941613e-02
6.685353246537627768e-03
-2.438642191634521599e-03
-1.197825739309763514e-02
-2.124920872251253798e-02
-2.972291369513842610e-02
-3.746372202051407446e-02
-4.552119817670768898e-02
-5.518864810861080772e-02
-6.546781026748986487e-02
-7.216407144367331661e-02
-7.071981802075760770e-02
-5.920768292505075581e-02
-3.949701920335593058e-02
-1.582736417851446017e-02
8.153314551739350435e-03
3.071966968177707383e-02
5.144406639952509713e-02
6.980566780145576466e-02
8.369016763451105068e-02
8.890137671873740710e-02
8.136654517074019821e-02
6.148325899684712464e-02
3.541005911818623925e-02
1.106679067102231927e-02
-6.242562928575849136e-03
-1.576872490979094182e-02
-1.954434906229726016e-02
-1.887386148640437383e-02
-1.344116827162453523e-02
-2.649275921777197087e-03
1.293386130911436740e-02
3.130977126119591919e-02
5.039055827269309229e-02
6.891853699227165619e-02
8.618896732335430688e-02
1.018120413185225198e-01
1.152543719266501399e-01
1.252319060922169602e-01
1.296122249793333348e-01
1.260183851227234808e-01
1.130967006561218180e-01
9.220692982603161114e-02
6.801525261757589147e-02
4.653109512625505650e-02
3.158181097333482429e-02
2.256541747277879609e-02
1.536436925549924080e-02
6.400293269758177209e-03
-4.153510201128905212e-03
-1.420134219356247555e-02
-2.405654562573331101e-02
-3.838145198419554149e-02
-6.152127842660670004e-02
-9.074471737407939498e-02
-1.152828455400349977e-01
-1.211187174583478465e-01
-9.768241511961676948e-02
-4.809413691271154090e-02
8.347783481678869646e-03
5.092961138813155431e-02
7.443587067391857492e-02
8.721196499659381041e-02
9.561583793603908865e-02
9.889068575504866843e-02
9.414648136550961277e-02
8.089406225947735896e-02
6.198888059029285247e-02
4.245637659046914980e-02
2.662173949808259443e-02
1.480285633539741436e-02
3.363951715181623999e-03
-1.143853117987774816e-02
-3.021103104431511685e-02
-4.988108986046507071e-02
-6.553461577660364690e-02
-7.282712391596592172e-02
-6.941010858228446878e-02
-5.502075632779244302e-02
-3.118590593260779642e-02
-9.069742693190287284e-04
3.176268173786813559e-02
6.228329216098615895e-02
8.640349060878296794e-02
1.011644730139721615e-01
1.061958674946889003e-01
1.046933478228343345e-01
1.026228284091299375e-01
1.059086839383857476e-01
1.174876007670818262e-01
1.357790277082296104e-01
1.550287467011904619e-01
1.673624429741716602e-01
1.671058487908299584e-01
1.539911702763522017e-01
1.312653055882139208e-01
1.022149721629104918e-01
6.858059082332822187e-02
3.243557962072689260e-02
-1.354222094347835728e-03
-2.665289543431507979e-02
-3.981905403179392816e-02
-4.210105204591543110e-02
-3.935366018087436968e-02
-3.803689361125021234e-02
-4.025822058546992682e-02
-4.347677174567716324e-02
-4.416883656590319535e-02
-4.156546795847008285e-02
-3.774285534349922089e-02
-3.430953915929044196e-02
-3.048762946183118661e-02
-2.452459049070476044e-02
-1.625245711872444834e-02
-8.895925992102439103e-03
-7.930259333395188459e-03
-1.585314783057799673e-02
-2.821613193667383071e-02
-3.601578380379333311e-02
-3.247883666263638724e-02
-1.703777029260514220e-02
6.384154660003742154e-03
3.343323858819524652e-02
6.172511637445667748e-02
9.024455811382497972e-02
1.161816028944387402e-01
1.317577549489318267e-01
1.209757753966680671e-01
7.472613968096886161e-02
1.125121834379758795e-02
-3.620456746815656907e-02
-4.884105982781611344e-02
-3.276453435287508820e-02
-5.870088396357327903e-03
1.349538432936271855e-02
9.987636597786694534e-03
-2.536394859732676171e-02
-8.728578024601589547e-02
-1.545616561733179906e-01
-2.037745931043153935e-01
-2.270841603985557788e-01
-2.337374263557428777e-01
-2.336119088931161436e-01
-2.288281688456562102e-01
-2.195204281510678146e-01
-2.078202706285520451e-01
-1.963267623141216334e-01
-1.867076405648350756e-01
-1.788725330074345532e-01
-1.693427470915325750e-01
-1.504379274784524434e-01
-1.136776230602931925e-01
-5.528744650148620376e-02
1.738273704531359543e-02
8.431605033012980199e-02
1.238730271900662511e-01
1.285234751191482450e-01
1.072384701165941395e-01
7.274281675241614509e-02
3.351079050501645090e-02
-3.998842021276751910e-03
-3.312821194997255664e-02
-4.869025660525394539e-02
-4.977799931940864869e-02
-4.091477696273453785e-02
-3.165069371600428422e-02
-3.160973248156999371e-02
-4.276371123753869297e-02
-6.019440562847263448e-02
-7.942769408454934676e-02
-9.963951859252673238e-02
-1.199781772693162829e-01
-1.347295430237693825e-01
-1.334173120655672840e-01
-1.092972797095048965e-01
-6.885773190225036311e-02
-2.969490983148356106e-02
-6.523451332699514195e-03
1.433712339338197262e-03
9.051550484448738290e-03
3.322153162105107027e-02
8.353914406566920192e-02
1.496957225012046921e-01
1.956268719562311853e-01
1.941952311145952181e-01
1.590852029642968180e-01
1.212900071553775216e-01
9.528176155383540069e-02
7.643237375583675219e-02
5.210629203617568594e-02
9.389665175347046075e-03
-5.328950674287429023e-02
-1.155421232348928240e-01
-1.473446424095984919e-01
-1.380015530519311806e-01
-1.070685777856495019e-01
-8.195858773132991271e-02
-7.390082964723353187e-02
-7.615669763580698581e-02
-7.528754569901191518e-02
-6.393904303913437726e-02
-4.894325226019622527e-02
-4.847230660714756112e-02
-8.240267483843891072e-02
-1.521356600573529894e-01
-2.214733433868647794e-01
-2.398313933019295685e-01
-1.926065119706985851e-01
-1.122364334105824257e-01
-4.311625561312285027e-02
-7.423026184831137478e-03
4.585720941342870567e-03
1.820434210089735133e-02
5.077646432279067645e-02
1.025563452977119594e-01
1.589315871106615485e-01
1.989076154182483902e-01
2.098412729139522981e-01
1.990516991302145045e-01
1.868534289838316709e-01
1.832048743095715526e-01
1.789043948632264569e-01
1.611119568855646500e-01
1.287925561791514184e-01
9.176581221667622079e-02
5.970191586658980809e-02
3.344114030370616553e-02
5.834886838038260380e-03
-2.856722196164851457e-02
-6.848157660345169373e-02
-1.080331065871748125e-01
-1.372089100932434858e-01
-1.481623820598091668e-01
-1.452234130016585578e-01
-1.375613704066218634e-01
-1.272931095953490910e-01
-1.136723806055328356e-01
-1.002600914079175010e-01
-9.109337786781149249e-02
-8.224363363491950241e-02
-6.154424604137422733e-02
-1.551560935643063119e-02
5.885666161618984676e-02
1.443697898286495640e-01
2.119055379033844833e-01
2.433461338653877537e-01
2.449035809528658514e-01
2.326517825857864763e-01
2.140696625106736362e-01
1.892413648547888461e-01
1.564157414670398760e-01
1.121904792273654555e-01
5.428577803907317506e-02
-9.207808127849865729e-03
-6.127510308553950347e-02
-9.138678501716739067e-02
-1.045911188106142670e-01
-1.112867698020489626e-01
-1.144848610997252075e-01
-1.122420017031290213e-01
-1.044300416830785949e-01
-9.368057646244548620e-02
-8.276073603712844062e-02
-7.299687815502310662e-02
-6.300018626275873113e-02
-4.898770551142948154e-02
-2.974407134023893118e-02
-8.896297746534203438e-03
7.983941118596071806e-03
1.645795663358854896e-02
1.655812855190328531e-02
1.369324136712666423e-02
1.400734088418975794e-02
1.627529489764104401e-02
9.939492251324759040e-03
-1.509153988820523089e-02
-5.568583545079439784e-02
-9.258594441035539191e-02
-9.917762586957726278e-02
-5.902394729239034132e-02
-3.240068081559962804e-03
1.851356936264112211e-03
-5.331456274930356648e-02
-1.109792771128093741e-01
-1.257622306955105407e-01
-9.672715303400478137e-02
-4.839492636733076780e-02
-9.365116528824686884e-03
5.925955158721060712e-03
7.934509819727831800e-03
1.760238459537613945e-02
3.947234287568431726e-02
5.546819760911184810e-02
4.697559274283352737e-02
1.804702562176751721e-02
-3.436875806694259829e-03
1.345222021092211222e-02
7.607881458116697027e-02
1.494274987845991276e-01
1.749344007612044227e-01
1.260661775463380319e-01
3.264195671660549691e-02
-5.106307074629282822e-02
-8.733133242860034728e-02
-7.652872976723498755e-02
-4.405725476884801012e-02
-1.142689498382520007e-02
1.036020836000130750e-02
1.817922698739142875e-02
1.669933915540328453e-02
1.382833550647978582e-02
1.137258653668821694e-02
2.558253244884314565e-03
-2.014278769894615670e-02
-5.242934094386480365e-02
-7.467698388256249764e-02
-6.252278356237858659e-02
-9.489531825514610280e-04
1.032792503682568724e-01
1.852577798319710312e-01
1.749442130165128340e-01
8.718409140817104386e-02
-1.731970588649540954e-02
-9.460821862864561560e-02
-1.299818372477520856e-01
-1.341342177654216705e-01
-1.308949869442440073e-01
-1.315995686564361278e-01
-1.266016981420895471e-01
-9.881611959596504902e-02
-4.244127102211044111e-02
3.163652059031550612e-02
9.791181171169542619e-02
1.285294946728874899e-01
1.163819117045613721e-01
8.548061802336823223e-02
6.860592956235538054e-02
7.591094350294542992e-02
9.197900170991860080e-02
9.406278084079633395e-02
7.037861683051652162e-02
2.872505861890271850e-02
-1.018729392520807860e-02
-3.213250123234995953e-02
-4.153752749744043377e-02
-5.311702641089261628e-02
-7.357042814154972354e-02
-9.074241485620652969e-02
-8.046600880301119085e-02
-2.665014971537406005e-02
5.056762064013788083e-02
9.311643954930108602e-02
5.329591277642976854e-02
-5.739172861322244801e-02
-1.748874334015571852e-01
-2.317298669085438578e-01
-2.013490182530797146e-01
-1.144146810920573937e-01
-3.067895024782163124e-02
1.991051990887048734e-02
5.240009739616387913e-02
8.881752182587367150e-02
1.332510727275290907e-01
1.743091776153404826e-01
1.954272106331862435e-01
1.824159506378423834e-01
1.263632054465788079e-01
3.597049011543047847e-02
-5.691910554024173785e-02
-1.202387301398167019e-01
-1.420309960035611441e-01
-1.370400537930950569e-01
-1.325584902522570496e-01
-1.411991510109034398e-01
-1.553308435218418715e-01
-1.615790225237953570e-01
-1.518788065328954273e-01
-1.260578696782895247e-01
-9.005247925748566251e-02
-4.958864855372459995e-02
-5.228272294366942234e-03
4.476112957768735301e-02
9.571701227434625814e-02
1.315670277054652171e-01
1.319697521935326023e-01
8.658561244065661466e-02
1.331624537811157936e-02
-4.404851536551442764e-02
-5.897622516649117519e-02
-4.352712245940191377e-02
-1.976156793810332490e-02
3.067466176399490096e-03
2.506371871385515079e-02
4.634841551720666336e-02
6.323352285255298688e-02
6.815950946035818914e-02
5.299552619142629262e-02
1.745526281097186869e-02
-2.714766679191747342e-02
-6.652869946782261068e-02
-9.317198298294211700e-02
-1.071798465395646938e-01
-1.094209164069782914e-01
-9.683231653755093593e-02
-6.478598580208413948e-02
-1.431726027610837927e-02
4.426774125155334694e-02
9.721390923317035915e-02
1.349527824405816478e-01
1.534821704313021895e-01
1.531057170658412236e-01
1.367753049583041447e-01
1.072054570148170405e-01
6.760362331776227640e-02
2.327823542029731213e-02
-2.058309466989518069e-02
-6.239307125996595288e-02
-1.025387878403947323e-01
-1.391010606129203520e-01
-1.683317607015366035e-01
-1.876922969838627775e-01
-1.975358893994204057e-01
-1.992324043142299494e-01
-1.920056929241983901e-01
-1.741997254772566783e-01
-1.474590597547974780e-01
-1.184383453878364578e-01
-9.613928686000784707e-02
-8.438417523158818490e-02
-7.771013558125601517e-02
-6.674715459957239472e-02
-4.800384869673420679e-02
-2.874279667306225278e-02
-2.072809945157326819e-02
-2.633532825170952635e-02
-3.246201315623362810e-02
-1.907080886796923280e-02
2.554791684083864561e-02
1.010801811270927858e-01
1.722014533133623682e-01
1.861139781225123191e-01
1.428025685289444902e-01
8.104735346247583794e-02
2.327284991111660054e-02
-2.869297703781638342e-02
-7.286840167445421401e-02
-1.011199648163744330e-01
-1.065923902795425787e-01
-8.975388139699239098e-02
-5.712907749361766097e-02
-2.014436294106173100e-02
7.382001075950979027e-03
1.645162707210376385e-02
8.179317412881886851e-03
-9.657829476023236173e-03
-2.907661370368375825e-02
-4.472537970686867731e-02
-5.489327158939191070e-02
-6.203055750267681689e-02
-7.099505933391812851e-02
-8.569744681859489677e-02
-1.062959760413385579e-01
-1.299858659947372708e-01
-1.522185828506039396e-01
-1.668998389708863106e-01
-1.712184726968657700e-01
-1.681303597982295450e-01
-1.610735475252348670e-01
-1.514001465094237664e-01
-1.410912791932692201e-01
-1.324722526244284104e-01
-1.234768909422372107e-01
-1.084439330289576203e-01
-8.663855328138790612e-02
-6.359324129834813266e-02
-4.328093563435645580e-02
-2.329702925855344636e-02
5.026426901680757474e-03
4.837418698938385914e-02
9.750952036864053707e-02
1.256546642677812686e-01
1.118810155882783153e-01
6.768473674216525515e-02
3.438288515542362728e-02
5.550629258414835343e-02
1.367781398726839182e-01
2.233860895275962266e-01
2.370463866145439136e-01
1.352808559914941977e-01
-3.026220076876908263e-02
-1.355438024487075899e-01
-1.291999712862154370e-01
-7.113563959112591262e-02
-2.834183680417247733e-02
-1.754960036181786587e-02
-1.828250852510991328e-02
-2.991843266782521094e-03
3.769597852242773800e-02
8.435550634325927888e-02
1.032690575205447575e-01
7.914533427429297496e-02
3.032531489940886588e-02
-1.129818132450843143e-02
-3.037295660932767122e-02
-3.680246100972706103e-02
-4.747376350554767532e-02
-6.740086726437877207e-02
-8.941513722407255782e-02
-1.031651966386689240e-01
-1.029836431927987350e-01
-9.187062297312453829e-02
-7.827431696320179266e-02
-6.681167078263898496e-02
-5.385767044979901386e-02
-3.473189291761975134e-02
-1.033304468088436755e-02
1.477092267947977162e-02
3.269426010396578319e-02
3.356696681924351000e-02
1.467979301951598432e-02
-1.451898452654976947e-02
-3.748001467044789758e-02
-3.922163710574458340e-02
-1.600690339709463436e-02
2.353911207979910922e-02
7.067791373305376545e-02
1.265594913748825101e-01
2.001808895111049924e-01
2.943317522184146773e-01
3.876808408537221196e-01
4.408044358182144351e-01
4.199102090569437618e-01
3.269356236517400593e-01
2.092678307480347055e-01
1.139251529992710427e-01
5.306332200442818309e-02
1.461403722685822131e-02
-1.817399213660836690e-02
-3.883809229825700010e-02
-1.458508761432238295e-02
5.627586456981874957e-02
1.297945772380170726e-01
1.683134096497738985e-01
1.579335723836023941e-01
1.039454323598165281e-01
3.973924152757431216e-02
7.541202382069185639e-03
8.991756422004053284e-03
9.486516918176752036e-03
-1.291172876337361337e-02
-5.073960466450659623e-02
-8.575284228979208889e-02
-1.068161426540815279e-01
-1.157613419095858548e-01
-1.215408211319577575e-01
-1.283955480578836406e-01
-1.238527355991645151e-01
-8.276402515104724911e-02
5.743318651460849536e-03
1.229088019460704007e-01
2.312632428837630427e-01
2.898195826080007809e-01
2.909358672596817352e-01
2.695178627135569327e-01
2.594348918049755870e-01
2.666430735202345303e-01
2.759019929679020766e-01
2.446452806452978079e-01
1.694134807443271051e-01
1.135396850747192737e-01
1.097049295674514396e-01
1.407702203473268354e-01
1.783971141180666631e-01
1.992378276403773962e-01
1.871265351520274012e-01
1.407202371056596735e-01
7.317759362922740540e-02
4.177465629877268397e-03
-4.660741632278328495e-02
-6.706373527806572254e-02
-5.573256058060510609e-02
-2.395131675690423054e-02
1.370373039778652411e-04
-1.165653849375616891e-02
-5.565500324103642149e-02
-8.669219806672326389e-02
-4.779905372360084004e-02
8.796492155291456283e-02
3.000141124374973156e-01
4.741543446915499893e-01
5.137244482319782701e-01
4.770648008767383041e-01
4.576757513227147078e-01
4.672812634738958693e-01
4.539359330817513416e-01
3.602618233901809242e-01
1.650122229554037145e-01
-5.307125790517177449e-02
-1.409017405843288606e-01
-4.109516351607816337e-02
1.389448713434491833e-01
2.431735921362226105e-01
1.921658837113522089e-01
2.262293546154095850e-02
-1.621181268887325611e-01
-2.778168415522124235e-01
-2.982401363558697116e-01
-2.607780079177659527e-01
-2.341722619364646485e-01
-2.409602203378563845e-01
-2.432010390979900682e-01
-1.951462335672697890e-01
-9.260446472023529940e-02
1.713207733675845348e-02
6.983536222854516695e-02
4.669001000342806740e-02
-6.715236383743197236e-03
-2.110557641922069724e-02
4.419544427768062889e-02
1.964692817858450513e-01
3.676383923946980881e-01
4.544844476701346281e-01
4.446349255229648523e-01
3.840967476968186745e-01
3.047312254081233074e-01
2.232319434814606651e-01
1.585125292009793296e-01
1.260187024846785298e-01
1.295512679091370689e-01
1.637451860070411880e-01
2.201662108225518055e-01
2.896478945259359783e-01
3.607574460453199516e-01
4.092925563742290662e-01
4.006270036384494970e-01
3.371931337973993470e-01
2.527400846347803154e-01
1.385978057384636697e-01
1.211777677947454765e-02
-3.701476017233780447e-02
4.695028956777598517e-03
4.123852799604298125e-02
-4.493135895368968735e-03
-1.226261216309123409e-01
-2.319414235312775296e-01
-2.811521137188101038e-01
-2.989813966508757526e-01
-3.249109342905641684e-01
-3.706481076658422191e-01
-4.263203865672628434e-01
-4.717032728126513419e-01
-4.886660854680376920e-01
-4.806515510522594292e-01
-4.681470457175264110e-01
-4.601282214975414009e-01
-4.469310517175750230e-01
-4.204779345688210435e-01
-3.838626513509161842e-01
-3.488316949688806679e-01
-3.225409085300680601e-01
-2.924332698650662921e-01
-2.332115642205425110e-01
-1.423624931482391776e-01
-5.659555204103153270e-02
-2.968620183620653691e-02
-8.591220066241246622e-02
-1.709727126556044585e-01
-2.072080170785048081e-01
-1.803336611774925546e-01
-1.344967460860875819e-01
-1.241351331616695475e-01
-1.668743414612597897e-01
-2.332181892521307531e-01
-2.822049442769777317e-01
-2.988067464076912816e-01
-2.960682296093765098e-01
-2.956180935073922100e-01
-3.010071930375853855e-01
-2.893240394558652673e-01
-2.318935612756606590e-01
-1.036576966361798108e-01
7.303764065433356045e-02
2.010466969842315266e-01
2.013863006270552869e-01
9.973364902701183088e-02
-6.972621587349433873e-03
-2.924210794078969944e-02
7.140146451724607712e-02
2.525186151836509851e-01
4.134572581265554825e-01
4.368556574048456653e-01
2.781580844003958553e-01
6.801023206355896744e-02
-5.485875907562971776e-02
-9.601904696033781994e-02
-9.059742257013131406e-02
-5.650136764074439877e-02
-1.507639469829339524e-02
1.065757168978773428e-01
2.969337503755451468e-01
4.148706640927068423e-01
4.473800351696488597e-01
4.696028624807285778e-01
5.538158348448897206e-01
6.903673635397054031e-01
7.844091162018704821e-01
7.611772424248863800e-01
6.054079457965730882e-01
2.754718673095364889e-01
-8.851555420883723546e-02
-2.373010591844548212e-01
-1.580731158451936791e-01
1.165369019520508774e-02
1.319017281153418153e-01
1.488201393508187531e-01
9.141303456933436156e-02
1.566405446147220090e-02
-4.119288179097026908e-02
-8.019761299130347132e-02
-1.344979411113748080e-01
-2.148720467474266871e-01
-3.051509914642988042e-01
-3.881159831082641731e-01
-4.511773008594266443e-01
-4.739903859948522147e-01
-4.364168985369908382e-01
-3.241565064634504001e-01
-1.603020063556863384e-01
-3.139621761110786280e-02
-1.665183356721725710e-02
-9.072729598488946112e-02
-1.540234804352972886e-01
-1.455028257463359675e-01
-8.130562511198359543e-02
5.946731151745910998e-04
9.147350284173710877e-02
1.907712209405380832e-01
2.623803917468559566e-01
2.653657144028456760e-01
2.101438518517279030e-01
1.337228462842688648e-01
6.340649679185404730e-02
1.225232695331277162e-02
-2.581021114089239801e-02
-6.236485068417109423e-02
-8.679120320733270388e-02
-6.432690242656143031e-02
3.730671905149901546e-02
2.258403866884690914e-01
4.193504453806418120e-01
4.645873264726215757e-01
3.215994569505090661e-01
7.745876644402475975e-02
-1.203752883165456200e-01
-1.781667740649331699e-01
-1.525002890496974239e-01
-1.191126182644777903e-01
-9.105763733680863337e-02
-5.046044627408179106e-02
2.705459381280584698e-03
4.462765118461214237e-02
4.688261188769356214e-02
4.766482432144063860e-04
-9.590569240775291548e-02
-1.522361342189441358e-01
-8.874017038915875399e-02
-3.096922294415938373e-02
-9.647413126446273413e-02
-2.308492260114881900e-01
-3.452018846692821996e-01
-4.187335902529794041e-01
-4.604557094796798977e-01
-4.750184684674524926e-01
-4.692172332398060752e-01
-4.528428013351223913e-01
-4.346360281590118668e-01
-4.139168577172906982e-01
-3.834991486192727006e-01
-3.393453079925365934e-01
-2.740975234486993650e-01
-1.612989228680319076e-01
-4.454013931534614446e-02
-1.443865918512486570e-04
7.777731093688295370e-03
4.182880360876958803e-02
9.468281027562087948e-02
1.313023395586817299e-01
1.469163298776752780e-01
1.478785962088951522e-01
1.331238233576546859e-01
1.114934371514398198e-01
1.032415760177166075e-01
1.144737987436479781e-01
1.244907903411407862e-01
1.088479413819190555e-01
6.388191101582542386e-02
4.830520356752967918e-03
-4.988710796549533644e-02
-9.461088919385832186e-02
-1.386390867508737745e-01
-1.921748779821720599e-01
-2.508130096411579912e-01
-2.933829775529728234e-01
-2.965385388620280227e-01
-2.592323311590560286e-01
-2.053479544995162887e-01
-1.663050744625197419e-01
-1.655631458968515046e-01
-2.043862035000980348e-01
-2.567702466625503277e-01
-2.955134212807125627e-01
-3.114128660906915758e-01
-3.234501266900488559e-01
-3.517423813109262776e-01
-3.724017799229564218e-01
-3.344966174940222636e-01
-2.109426090320723757e-01
-2.255615616176794708e-02
1.291420808836304113e-01
1.648192121025555679e-01
1.367501161270197052e-01
1.263402477960658965e-01
1.567277940355284449e-01
2.014820299671372938e-01
1.987884512499653311e-01
1.277717100174037834e-01
4.496468985959038017e-02
3.221674550998105974e-03
2.536309324022174155e-02
9.686265344315089787e-02
1.676278729306672766e-01
1.894034501713890983e-01
1.610050040152336548e-01
1.275160403017126243e-01
1.389921959420570563e-01
2.137590106264176948e-01
3.188564735408253581e-01
3.777208380269811983e-01
3.464706558013688209e-01
2.532161812117559307e-01
1.420090430670835624e-01
3.318739525310767519e-02
-5.572104243012847291e-02
-9.981107912570694185e-02
-9.716049716847666162e-02
-6.887545272094064419e-02
-2.719002161155192540e-02
2.826247342444104804e-02
8.774494317082907890e-02
1.223754999118086551e-01
9.870783733119103953e-02
4.942357117837757434e-03
-1.330235106952342150e-01
-2.594957889246676808e-01
-3.174873631190466838e-01
-2.562645143445672624e-01
-1.034491429536068541e-01
2.334591442941707021e-02
6.467143230693576939e-02
5.092396254798390448e-02
2.052218350937927080e-02
-1.522035031140468384e-02
-5.491151074712276314e-02
-9.297395321069708285e-02
-1.204108642817991043e-01
-1.281579791864615181e-01
-1.078314325228154624e-01
-5.976606870129184956e-02
2.207948215720008205e-03
5.714093307738063454e-02
8.671858219689913827e-02
8.203883602006714626e-02
4.566284534234174575e-02
-1.420756106057898156e-02
-8.571159203740637278e-02
-1.398370678465782058e-01
-1.395367386479388627e-01
-8.611691442175567479e-02
-1.699643785480661057e-02
4.099927754477503822e-02
7.873061706161930962e-02
8.647298499005186267e-02
5.181480131876289169e-02
-2.889719146917914608e-02
-1.328476934321803082e-01
-2.113958953982145172e-01
-2.248809357378332985e-01
-1.770896277829745735e-01
-1.066802575938341630e-01
-4.811776927544616361e-02
-1.399548430391500155e-02
-6.122275296264224898e-04
-1.852879899585492453e-03
-2.039621518152249027e-02
-6.501599989450092265e-02
-1.305660921064786539e-01
-1.832577325179138017e-01
-1.719376833314277264e-01
-5.944427690118851693e-02
1.386926886280580029e-01
3.095498077053930874e-01
3.436961816438387496e-01
2.681740890531675858e-01
1.743269801562771226e-01
1.174671973276588260e-01
1.109651585703883420e-01
1.443160996018069409e-01
1.897906368314883352e-01
2.197354202125577638e-01
2.230356816610353787e-01
2.049095347942859191e-01
1.773326946979514041e-01
1.473934262153427377e-01
1.068314233027108096e-01
4.695887494713853194e-02
-1.733314642047869072e-02
-5.158738656545339835e-02
-2.723802927811028174e-02
5.326095883690151744e-02
1.504401321930635416e-01
2.070677477442486314e-01
1.777712085366736083e-01
7.358099979585894235e-02
-3.319180002567613530e-02
-8.737267752720344338e-02
-9.941060735155084205e-02
-1.095668848678919283e-01
-1.453969926303098625e-01
-2.097797452498127713e-01
-2.771868750782924273e-01
-3.064931670570835709e-01
-2.830948604105515409e-01
-2.357254282732807737e-01
-1.997029309459136814e-01
-1.808995217259185551e-01
-1.559255010049577228e-01
-1.049059368528305891e-01
-3.941555257799004425e-02
1.342815580347095361e-02
4.084301901391161616e-02
4.994096678794743976e-02
5.388144073450719385e-02
5.979483672329414384e-02
6.593078481993443207e-02
6.710062983702533290e-02
6.324037727640163808e-02
6.295953613548324612e-02
7.634001719974004008e-02
1.045141153253888872e-01
1.385745166411951057e-01
1.676571351300608359e-01
1.854725148609567553e-01
1.880881043049294765e-01
1.704115653903889305e-01
1.313484963226141389e-01
8.096118755442241466e-02
3.841229170976677432e-02
2.308227986025385495e-02
4.017429051092918230e-02
7.296598222294140013e-02
9.578099450051617836e-02
9.640858452670006407e-02
8.191073132353263175e-02
6.476990091011233797e-02
5.170030230729258380e-02
4.371345387690457607e-02
4.091894978205311284e-02
4.581566925495178522e-02
6.361218404101379176e-02
1.007093894744136298e-01
1.525350497443780096e-01
1.945715435680849814e-01
1.980333224326481512e-01
1.538239166714431838e-01
7.914708777352023883e-02
3.389619204953298656e-03
-4.642054966145472278e-02
-5.221344372623971941e-02
-8.563393977698558271e-03
7.264132237290729655e-02
1.642430403702442865e-01
2.365363822754503464e-01
2.706796941964279557e-01
2.664426105060238581e-01
2.387542148775473605e-01
2.036539613253366965e-01
1.680651165170880257e-01
1.266502591137540767e-01
7.942664094964964339e-02
3.943322834163845436e-02
1.287236431927360827e-02
-4.202499300734103584e-03
-1.839730408090300279e-02
-3.698310059120333421e-02
-6.472039442003535425e-02
-9.603521850189732090e-02
-1.141997222392592548e-01
-9.955947773079971974e-02
-4.759043147821042513e-02
1.818211339868267343e-02
6.084907572111330348e-02
5.510092452383402034e-02
3.964247748942804211e-03
-6.451935418645558806e-02
-1.261814366400590692e-01
-1.750642801770127821e-01
-2.069934554217969513e-01
-2.112753523783071352e-01
-1.841625984555608497e-01
-1.359073900176050453e-01
-7.969879522757190859e-02
-2.605949233545864704e-02
1.299806724069151390e-02
2.630775310108805776e-02
1.209801988742967294e-02
-1.890318849744919080e-02
-5.009749144349328470e-02
-6.921743128617231788e-02
-7.423569514874500674e-02
-7.152677193482930018e-02
-6.840674943677893527e-02
-6.825712995643161418e-02
-7.127294260441253970e-02
-7.652926388030541205e-02
-8.135110897320164958e-02
-8.058225888768763556e-02
-6.897450366332479044e-02
-4.455983620536484863e-02
-1.076832152205682742e-02
2.384992187854997198e-02
4.866101283670468819e-02
5.693296831724239254e-02
4.986505947373912756e-02
3.339824166800969829e-02
1.155285908532829517e-02
-1.462384938376336957e-02
-4.086570012580570399e-02
-5.450247048759754298e-02
-3.872660037709335645e-02
1.728282351490031954e-02
1.020422460536287851e-01
1.745032541254189495e-01
1.920201321552201246e-01
1.496692411510968657e-01
8.190224866996301256e-02
2.951645398760088801e-02
9.716596393714313842e-03
9.645823468283751603e-03
6.906668985806381326e-03
-8.200723751046705770e-03
-2.950797626712375540e-02
-4.476894418941457232e-02
-4.864916174505776181e-02
-4.846084884831458606e-02
-5.681238629740820861e-02
-7.777321892736463460e-02
-1.001918817913285548e-01
-1.067943791502637685e-01
-9.042469128246924392e-02
-6.062256113998051865e-02
-3.500441805387380367e-02
-2.620533015601759011e-02
-3.564604460613333969e-02
-5.452803922048873181e-02
-7.071973648646015520e-02
-7.809440105148927891e-02
-7.795137658642663225e-02
-7.252900798122877135e-02
-6.090868899282816246e-02
-3.878598989367046390e-02
-2.482455569998985676e-03
4.283250899143805496e-02
8.249774042937543794e-02
1.033603072301947784e-01
1.035705585495775988e-01
9.102134294761482503e-02
7.587352153192400417e-02
6.521816560720525291e-02
5.977613089175030925e-02
5.477097422823108686e-02
4.651503271604141149e-02
3.689355429501555567e-02
3.088042880876340143e-02
3.134742906298114418e-02
3.602514468637071227e-02
3.845863861960101965e-02
3.117198980542599043e-02
1.022259125885673081e-02
-1.967554472195716039e-02
-4.744631494102632269e-02
-6.594306053126043621e-02
-7.775681596282582597e-02
-8.917051796361689930e-02
-1.027203737188821242e-01
-1.167965757090704687e-01
-1.270468405969073511e-01
-1.290028444477202274e-01
-1.224583264151678091e-01
-1.113439094546138791e-01
-9.970682369002796530e-02
-8.854292108821508467e-02
-7.337951277891413548e-02
-4.464823067603228973e-02
4.739377213671271995e-03
6.764426583051652564e-02
1.232189287694927943e-01
1.515617996744945128e-01
1.461890783649309744e-01
1.169248262536990851e-01
8.083577220019798337e-02
4.939925124974816478e-02
2.460532531333788075e-02
2.788054152390802981e-03
-1.721610078860897480e-02
-3.104386057625198661e-02
-3.525476952789773077e-02
-3.294531615273386949e-02
-3.103320572081301465e-02
-3.334981331720690556e-02
-3.696801574922625039e-02
-3.345746605154548831e-02
-1.785049393088798328e-02
4.663866743421715699e-03
2.485598051865385225e-02
4.026999139252927101e-02
5.588154208707572096e-02
7.641465943373870751e-02
1.025566893660061762e-01
1.309062841804729538e-01
1.553277849358451479e-01
1.704753687835327547e-01
1.758512113924490250e-01
1.749293972213749604e-01
1.694681925277319312e-01
1.564571278568170631e-01
1.302502914851161597e-01
8.530664200239856942e-02
1.958232403476251049e-02
-5.825345435402858735e-02
-1.300448511262453644e-01
-1.813046705513671752e-01
-2.114988088291269164e-01
-2.286460945786127352e-01
-2.359819910685315159e-01
-2.302546933064129608e-01
-2.088780740714799855e-01
-1.752771059060175274e-01
-1.388284229132009662e-01
-1.098410288641591542e-01
-9.283679860281630891e-02
-8.305826406806154916e-02
-6.998864811383992413e-02
-4.502841255923138719e-02
-7.012646542409495774e-03
3.602484905046562935e-02
7.469341230309059498e-02
1.105934146379668331e-01
1.509229448592193379e-01
1.932497075192244340e-01
2.244374994417597802e-01
2.307139243506265147e-01
2.072813964622411131e-01
1.611354561657266371e-01
1.060628136640665020e-01
5.567371709435293969e-02
1.917327403262306454e-02
-7.000195618879467277e-04
-4.859540726419627442e-03
5.085029772897559780e-03
2.533915010319889166e-02
5.006292934188241034e-02
7.522150732410334828e-02
1.011468001404344091e-01
1.302567871534428268e-01
1.637754178731139765e-01
2.010333241368469359e-01
2.429775531552167134e-01
2.944556948784503025e-01
3.583204797963157606e-01
4.260315134278095939e-01
4.772952561048921516e-01
4.881163402590918965e-01
4.362086756932041509e-01
3.108622837098605207e-01
1.547859458115255493e-01
3.280225313172471791e-02
-4.165625490131229930e-02
-8.457469190869297548e-02
-1.041743981276126302e-01
-1.053729036110725853e-01
-1.022505364919987225e-01
-1.150102006080658962e-01
-1.684414390541988105e-01
-2.707369165358068930e-01
-3.870581589573652836e-01
-4.738293913264651214e-01
-5.114959232514728615e-01
-4.964486972142020393e-01
-4.402554454289603902e-01
-3.664184066555760122e-01
-2.968459656857421192e-01
-2.373722523748720004e-01
-1.773512199590685512e-01
-9.884088371505932169e-02
-2.469327660535811271e-03
8.677906357355255618e-02
1.347867932646764355e-01
1.325837519716392965e-01
1.132571939520281012e-01
1.075710221923876914e-01
1.183867463749792293e-01
1.314154385677210879e-01
1.296624155879731455e-01
9.908569987843662830e-02
3.332909502717438383e-02
-5.194006167957025688e-02
-1.180238461960672752e-01
-1.338540080078831351e-01
-1.034207401967294493e-01
-5.472201293050663745e-02
-7.499571018239367497e-03
3.462670654030397532e-02
7.145192160523870795e-02
9.672104322489978590e-02
9.976498865477650968e-02
7.150090651694190891e-02
1.218716790994251765e-02
-6.372869311800798131e-02
-1.307644231041399652e-01
-1.643108997544910077e-01
-1.498025903118390123e-01
-9.151964828464884127e-02
-1.490346674117330392e-02
4.939343816114402652e-02
7.992448734449010550e-02
7.097380382949379507e-02
3.217676349718551904e-02
-1.923679521492533545e-02
-6.738623070051054376e-02
-1.024781585916554189e-01
-1.205416707065423004e-01
-1.211817299237847312e-01
-1.083646782381426088e-01
-8.912486570595169744e-02
-7.048404300997938854e-02
-6.168280001785597655e-02
-6.999715396385361443e-02
-9.247091373719269758e-02
-1.144794371441740233e-01
-1.207804263857035071e-01
-1.110776024940217099e-01
-1.013772639943850279e-01
-1.103974044022890261e-01
-1.434226559734496642e-01
-1.866739037525171063e-01
-2.221849002727944167e-01
-2.459707222849239205e-01
-2.706145235892724599e-01
-3.101973992268297620e-01
-3.573557904578995581e-01
-3.756790686627851650e-01
-3.259879822867096655e-01
-1.912397898868914148e-01
-3.592298566649993613e-02
5.423554131383649668e-02
9.115457697028032935e-02
1.291090371444313378e-01
1.898980527113821593e-01
2.602678925758049044e-01
3.187398519837431055e-01
3.452396724387858384e-01
3.260368722280409526e-01
2.692299000902202977e-01
2.035201082104133863e-01
1.447937120981884762e-01
8.903749226734149202e-02
3.484951324557004904e-02
-1.292608692843625132e-02
-5.196378272575338797e-02
-8.132352706336833104e-02
-9.789204807116114182e-02
-1.021167855342499931e-01
-1.002208281269826584e-01
-9.916814430579806716e-02
-1.033652206915983696e-01
-1.122167095336420450e-01
-1.204753174685079808e-01
-1.192053234325819305e-01
-1.007984904907366919e-01
-6.485191356720455824e-02
-1.681766564625880242e-02
3.887701195341493332e-02
9.966817715588598137e-02
1.591202678197574938e-01
2.065509879072962851e-01
2.328102209248755494e-01
2.350902628496410462e-01
2.148193219640752993e-01
1.744411918705178477e-01
1.178474688742008752e-01
5.345883369124270618e-02
-5.511338297571236056e-03
-4.658692043547008749e-02
-6.778199020215586179e-02
-8.221486599993353683e-02
-1.074236896604348485e-01
-1.459176183466836252e-01
-1.807970960933268367e-01
-1.888609832717562664e-01
-1.637690343923458025e-01
-1.237187787398422861e-01
-9.585564418884372218e-02
-8.700339024064292215e-02
-7.333733362643857223e-02
-2.132864432022084020e-02
7.829510031752122401e-02
2.195856376946010713e-01
2.940024562528499308e-01
2.180504149307876671e-01
1.098701681523085727e-01
7.675184183653527281e-02
1.059516861022655604e-01
1.532482532127739383e-01
1.954897692847301360e-01
2.151895350936550155e-01
2.049125262057719665e-01
1.797292526341172647e-01
1.629786049094936740e-01
1.583217412444901662e-01
1.504202043201380290e-01
1.266834583153630678e-01
9.121468376239499909e-02
5.513414582343717507e-02
2.833192870047495857e-02
2.209265853197089555e-02
3.896494051222929023e-02
6.361479931656474629e-02
8.086715386381242154e-02
8.963639543819498789e-02
9.479736708355358810e-02
9.949652195467455218e-02
1.065746093443913495e-01
1.177643480426565914e-01
1.290171877617294349e-01
1.303056620026362689e-01
1.103506935415202728e-01
6.450155191579798331e-02
1.251271091127168725e-03
-6.278487929962535408e-02
-1.141960736276682875e-01
-1.462424470065828430e-01
-1.568816459532643981e-01
-1.492858800178555878e-01
-1.330015622887285309e-01
-1.158561013145215507e-01
-9.772974708164199054e-02
-7.713445395943198390e-02
-5.459466606390775412e-02
-3.340524573010345000e-02
-1.563529249572805785e-02
1.739938676975141211e-03
2.519638105277430956e-02
6.016596911861996078e-02
9.996400378008861443e-02
1.253394144630347873e-01
1.221212468638583348e-01
9.378164170441680159e-02
5.830919328805640733e-02
3.609374293660154442e-02
3.472072794648401600e-02
4.411692376203744242e-02
5.253886545354591320e-02
5.910629052295798824e-02
6.729814587553240024e-02
7.768747965494839092e-02
8.741753884687325504e-02
9.109894500241676185e-02
8.508316446006077005e-02
7.326532554308236300e-02
6.447981081334568099e-02
6.392495093740606371e-02
7.092363805772872176e-02
8.366466511550563201e-02
1.010737746266975046e-01
1.197826508354113278e-01
1.334083871244533814e-01
1.353033920593483264e-01
1.213923918627168863e-01
9.313965114407632417e-02
5.714156483566419642e-02
2.044371519697371978e-02
-1.428083550749720786e-02
-5.058815319616769002e-02
-9.178830882195722352e-02
-1.338541794041943622e-01
-1.677832650518976121e-01
-1.858440377536779431e-01
-1.865402071312854404e-01
-1.751582299583543667e-01
-1.594636363142739044e-01
-1.413949519244849518e-01
-1.159896797632823523e-01
-8.070813119909195366e-02
-4.257495126425327181e-02
-1.236655420432333438e-02
3.946890364706730735e-03
7.163746787754127036e-03
9.470402587343209819e-04
-1.050310279550478731e-02
-2.364103491175104793e-02
-3.690387664932518602e-02
-5.227240309702004678e-02
-7.239205210204828489e-02
-9.659784924389414051e-02
-1.203139651588185366e-01
-1.369025681518655502e-01
-1.391015858321926479e-01
-1.258284661965733964e-01
-1.044388836308824259e-01
-8.407879441587166880e-02
-6.855617392202867366e-02
-5.542216339548190068e-02
-3.980617975698153704e-02
-2.082131573925217680e-02
8.395142318409606810e-04
2.413727082037519026e-02
4.920746039363232960e-02
7.508568331528645001e-02
1.016257317083854445e-01
1.269321528656805198e-01
1.498110140398305479e-01
1.632365018236868748e-01
1.716139282283367928e-01
1.672322176428367724e-01
1.472037823783178545e-01
1.110959760981567596e-01
6.532337593978321255e-02
1.627210144957185953e-02
-3.179971081862698057e-02
-7.927051360937011071e-02
-1.255805367357000768e-01
-1.672049250881320337e-01
-1.995130870692982394e-01
-2.217050163918586059e-01
-2.351018480599485205e-01
-2.403960867768571152e-01
-2.359877168548187021e-01
-2.192038121279891449e-01
-1.889998572780677288e-01
-1.490841640241280242e-01
-1.056053064784295142e-01
-6.454608634479619411e-02
-3.025015780655576636e-02
-5.748473541813778342e-03
7.230787543747927565e-03
8.956494887404041483e-03
2.802095038914011009e-03
-5.923699030223074195e-03
-1.224638362768154347e-02
-1.431842173375237788e-02
-1.517208164871667979e-02
-2.266734430450420210e-02
-4.164524257423174447e-02
-6.734767718112866230e-02
-8.994935736269599191e-02
-1.025905469875513648e-01
-1.053857821977510628e-01
-1.029440369540223915e-01
-9.764269238331806100e-02
-8.920860659787933911e-02
-7.685465030675202314e-02
-6.112860905718518756e-02
-4.384846328811637522e-02
-2.720639052687978329e-02
-1.259391646857850079e-02
5.836812082505136870e-04
1.417633608285787800e-02
2.979882492636027475e-02
4.768667864908327642e-02
6.586561948400107558e-02
8.051229537198603681e-02
8.716520429560821459e-02
8.158789005284201867e-02
6.282231918546607452e-02
3.536277303510901304e-02
5.599482225231435309e-03
-2.234135349280296640e-02
-4.786059440731279396e-02
-7.103950176994622279e-02
-8.948059204065696159e-02
-9.970944745050232261e-02
-1.002360616983091618e-01
-9.372753459763875916e-02
-8.541137371101086007e-02
-7.888994431237261740e-02
-7.459822436618783470e-02
-7.058885400259855281e-02
-6.386620937215495286e-02
-5.187660194634088201e-02
-3.428127958703461320e-02
-1.352314058267381665e-02
6.694463324959191823e-03
2.295064258510429167e-02
3.278462353426501302e-02
3.518396307625641650e-02
3.141275340715998787e-02
2.451480747965532545e-02
1.736032588650923691e-02
1.187224420156699108e-02
9.429559179283942411e-03
1.101469115213683098e-02
1.691343673288016325e-02
2.611822263772107036e-02
3.564394814422413432e-02
4.022931941226032954e-02
3.609713934634559140e-02
2.538409078344966777e-02
1.439741945359580659e-02
9.273020988649686297e-03
1.328227293364955125e-02
2.562160371651153734e-02
4.203367183668599294e-02
5.772324126077810202e-02
6.958119350319606766e-02
7.625932129895007794e-02
7.728369756257030820e-02
7.255622210084372581e-02
6.277304887751020135e-02
4.987879176826741368e-02
3.666149531746796392e-02
2.569657986025455226e-02
1.815263719707383566e-02
1.384267637848420052e-02
1.155657352254937410e-02
1.018229068725282592e-02
9.215540064765274236e-03
8.795411098436976827e-03
9.488873455511338817e-03
1.197693426701062006e-02
1.671829640391805233e-02
2.366761790658873307e-02
3.220714299813240422e-02
4.135033225812610042e-02
5.004620272968236111e-02
5.741065802480911640e-02
6.277446952460069562e-02
6.567202080022756239e-02
6.597351430634632030e-02
6.407922227431775419e-02
6.086395987974327348e-02
5.729291157910077620e-02
5.392848071305575419e-02
5.059839608721635601e-02
4.653107149992333214e-02
4.088400053434556453e-02
3.345807604602638735e-02
2.503488092334166595e-02
1.686597179831900856e-02
9.992776037136897813e-03
4.987490906331462810e-03
2.195943615139624681e-03
2.022184009865175738e-03
4.725950253201835830e-03
1.003264428835638940e-02
1.703723520495663626e-02
2.462211944880300651e-02
3.197701753746854531e-02
3.869391705160228623e-02
4.463051818953146788e-02
4.970560582015742107e-02
5.372076034207112771e-02
5.635755417943798945e-02
5.729938552213118680e-02
5.628765703092335898e-02
5.317833892029875942e-02
4.811860272291977603e-02
4.162505682575994015e-02
3.443010413403516101e-02
2.730434342741128520e-02
2.095495449367745788e-02
1.590091175719644118e-02
1.239054190526563994e-02
1.046592226065011857e-02
9.998999014116055281e-03
1.066610890806929217e-02
1.203601708937191046e-02
1.370146717393224724e-02
1.539613396751426597e-02
1.713764388573707498e-02
1.911064345401111697e-02
2.144163808506257748e-02
2.411771314896042975e-02
2.687636491800713193e-02
2.929252079710433290e-02
3.091004752564389252e-02
3.129005647265273998e-02
3.021699609758767002e-02
2.764166009253639020e-02
2.377401837204905222e-02
1.891272175192365568e-02
1.342973587832122645e-02
7.639402437769862025e-03
1.830285607266059341e-03
-1.023338255273644262e-02
-2.467289491273486068e-02
-3.799880387393306941e-02
-4.979556223444468049e-02
-5.961824506745790064e-02
-6.680974100062660181e-02
-7.069652266091133730e-02
-7.078905515431693773e-02
-6.723864470368401403e-02
-6.079755241601993154e-02
-5.277442126997805572e-02
-4.447049250176143137e-02
-3.707068550684020775e-02
-3.123468362968585474e-02
-2.735418274028571239e-02
-2.522377353571796099e-02
-2.451113887232283378e-02
-2.449508227614756797e-02
-2.485570354269469109e-02
-2.519966007873889607e-02
-2.573578632578250175e-02
-2.626065849427385371e-02
-2.706053506321689367e-02
-2.782248105115472589e-02
-2.905584041271610379e-02
-3.045202953942191190e-02
-3.247298527543469870e-02
