# accelerations in g, dt = 0.01
1.645191354032165404e-02
1.453884203014566348e-02
1.465766906332144869e-02
1.453736860656310720e-02
1.441250625683298571e-02
1.408891489381400818e-02
1.379581116878545247e-02
1.344132508805035396e-02
1.320554296828271683e-02
1.299990036374081698e-02
1.294519495880208301e-02
1.297159137491537412e-02
1.314020173076666659e-02
1.334009831890516258e-02
1.357756285932736062e-02
1.380007762094803171e-02
1.409850953970572841e-02
1.451124611537088493e-02
1.511814170087528303e-02
1.588247804033807165e-02
1.675422591384251661e-02
1.760510271791607129e-02
1.834801111871966692e-02
1.890011780483618134e-02
1.928343308934167902e-02
1.959669806189464139e-02
2.001509799425647829e-02
2.063441990110227720e-02
2.145221107965581894e-02
2.234590991710039623e-02
2.314276914008834771e-02
2.361590118103974734e-02
2.358346733524132460e-02
2.290151720048515249e-02
2.155302404065231880e-02
1.959106572805408356e-02
1.721221665945387932e-02
1.456181427351375436e-02
1.184050802302717871e-02
9.228944946958354822e-03
7.023113503603344021e-03
5.439984087211878483e-03
4.559843397846549164e-03
4.320997748645838930e-03
4.409471679767473958e-03
4.450956029328699895e-03
4.235960415474956942e-03
3.794423080657572094e-03
3.320061323302333708e-03
3.013765893683399699e-03
3.011515174173310955e-03
3.313087204188114917e-03
3.731154552719639136e-03
3.974899033212792379e-03
3.853433157138893769e-03
3.435319306254297142e-03
3.016008879707690951e-03
2.920135713512967378e-03
3.291835909973084198e-03
4.001381981735458587e-03
4.691542241743287649e-03
4.930005984360098965e-03
4.392240812137446215e-03
2.975693368138198052e-03
7.580739782219297332e-04
-2.588280009258754448e-03
-6.690193865789255921e-03
-1.114652504128065685e-02
-1.579610963134953083e-02
-2.059101405220539055e-02
-2.555423975346023460e-02
-3.059813042464131980e-02
-3.541576195816768802e-02
-3.964844537854609469e-02
-4.287496722628286044e-02
-4.440394046562506219e-02
-4.335344189727164538e-02
-3.899922074800415972e-02
-3.108629346587565498e-02
-2.039136391164730888e-02
-8.627438461401038330e-03
2.377028004342886507e-03
1.115407063295725462e-02
1.753282721804637692e-02
2.037441562893316932e-02
1.953909664075626287e-02
1.600919307505300690e-02
1.083027163646467853e-02
4.731055708501121122e-03
-1.854092604595496824e-03
-8.806867165275617318e-03
-1.591843194172350845e-02
-2.361446897394705799e-02
-3.307835604726162837e-02
-4.675862047601071769e-02
-6.536012333248847339e-02
-8.543173764284636706e-02
-1.021790890825175907e-01
-1.122038974221193502e-01
-1.141885825886836958e-01
-1.109081871074681230e-01
-1.054951961514758035e-01
-9.914794255941053458e-02
-9.138049404774019335e-02
-8.219206086763497510e-02
-7.178277225156631802e-02
-6.007285650623145346e-02
-4.737027256792017416e-02
-3.463627381721073872e-02
-2.313737725812430382e-02
-1.384650501718641229e-02
-6.817543917183324642e-03
-1.521097660246944257e-03
2.186780043218174412e-03
3.952478813451634765e-03
3.489178915137732418e-03
9.143478293005430921e-04
-3.318993010496247217e-03
-8.328312989715041734e-03
-1.297642926562087712e-02
-1.676762587166613638e-02
-1.992965454459068655e-02
-2.263714768275835315e-02
-2.506929580564644378e-02
-2.793438544840876059e-02
-3.202658233029169466e-02
-3.729037086700417308e-02
-4.287646300563293517e-02
-4.764823228588885989e-02
-5.051384705171615974e-02
-5.075472470394499364e-02
-4.829191948307489518e-02
-4.348489324194763223e-02
-3.668699796203594987e-02
-2.796999867450693580e-02
-1.677385432790488851e-02
-2.983335177595080722e-03
1.177963679111894250e-02
2.511409051935992870e-02
3.479857506454726856e-02
3.879179985548304732e-02
3.605731509115105149e-02
2.772053410860078615e-02
1.642590818406183817e-02
5.009376806663751701e-03
-4.222061378650649073e-03
-1.074966671953191642e-02
-1.553402807568196077e-02
-1.902355636714222337e-02
-2.122808110111220822e-02
-2.249769905148196053e-02
-2.342596462830610557e-02
-2.421934630508437714e-02
-2.444995838507057345e-02
-2.368561903451603043e-02
-2.196016552076593756e-02
-1.962448008426908447e-02
-1.699559691543898327e-02
-1.417948693211922365e-02
-1.114232900160331587e-02
-7.462991130912327402e-03
-2.616829598117632882e-03
3.333679311145137415e-03
9.850208589810182519e-03
1.630469957916800064e-02
2.198547466652186338e-02
2.615634122950899823e-02
2.884751516549167311e-02
3.152110796660564929e-02
3.649318598196216179e-02
4.555924983334874723e-02
5.818368172934791638e-02
7.121949055633240711e-02
8.095776358467107747e-02
8.457871754353364635e-02
7.987012814253675874e-02
6.689127803184487242e-02
4.929592029016734850e-02
3.161324808326689689e-02
1.734909055347327173e-02
8.134957165822499781e-03
3.336992268126681878e-03
1.233421249415520742e-03
-1.890141624833246092e-04
-2.664506706379630215e-03
-6.727339074597134608e-03
-1.180974022846308091e-02
-1.723317201991199366e-02
-2.271627314124256142e-02
-2.792934260277788253e-02
-3.135612163884298614e-02
-2.819038868956024596e-02
-1.393430813633813291e-02
9.313861912080145453e-03
3.547289133863782556e-02
6.013718056087682950e-02
8.387114394073008627e-02
1.075958225134418106e-01
1.259000377685330629e-01
1.312686409063591741e-01
1.234460190057644902e-01
1.094758941210832864e-01
9.505611619133196022e-02
8.147100714607755090e-02
6.832428228672572657e-02
5.400225279336364620e-02
3.649309776941533218e-02
1.665888752142056367e-02
-2.200834819573434329e-03
-1.718171691740747950e-02
-2.675427496668651012e-02
-3.019109274590100686e-02
-2.885732374614576046e-02
-2.611706677121533593e-02
-2.408092494157392308e-02
-2.282676177885502658e-02
-2.205691373817173298e-02
-2.150600437375678464e-02
-2.048518674021189076e-02
-1.860350317130919640e-02
-1.634706223655595092e-02
-1.427659327540863748e-02
-1.177226967774080979e-02
-6.805580238865001005e-03
4.388267004360187074e-03
2.290327964052011125e-02
4.183333872633670375e-02
5.115176614113731840e-02
4.818780883361210160e-02
3.875039593533952109e-02
2.774590089894128295e-02
1.576789956667845258e-02
3.130419491543451511e-03
-8.558337670104096406e-03
-1.900771854979270079e-02
-2.932411066283044029e-02
-3.909881183730253701e-02
-4.615302275403839610e-02
-4.847896605386695784e-02
-4.543398834749014237e-02
-3.810466867706099187e-02
-2.891461434589539040e-02
-2.083009070521448305e-02
-1.656152107923638747e-02
-1.739867126985268284e-02
-2.221014654892691439e-02
-2.838363938986336599e-02
-3.361330041522689327e-02
-3.596467071380434616e-02
-3.275561467129290555e-02
-2.227280110504261529e-02
-6.690924633995232185e-03
9.253340397410323923e-03
2.094510314122260963e-02
2.525021296166542889e-02
2.181966636039979479e-02
1.308038288828203104e-02
2.467954879365129393e-03
-6.933526914502932334e-03
-1.279181147783642683e-02
-1.479681041220569718e-02
-1.532865352686897838e-02
-1.660216434266805277e-02
-1.848476208267811269e-02
-1.980435711604523058e-02
-1.972763905937322676e-02
-1.789618879018237477e-02
-1.449081526760627285e-02
-1.018500391936603272e-02
-5.791515999343135705e-03
-1.788525548551796662e-03
1.962530530050660572e-03
6.078178440358717426e-03
1.122251604996437301e-02
1.762045728556290228e-02
2.463399415012662574e-02
3.115069373318524529e-02
3.672129149303277745e-02
4.170899220491750686e-02
4.630884654832077840e-02
5.000235102256013475e-02
5.178639503627127660e-02
5.040047365091735593e-02
4.488213007811172467e-02
3.540016455863582989e-02
2.345289508777335941e-02
1.150537684338584325e-02
2.140643970477935226e-03
-3.416166829947727291e-03
-6.795805448324418636e-03
-1.154906166926452683e-02
-1.935380034671257271e-02
-2.828384788903830563e-02
-3.545151766704911223e-02
-3.996660609095468303e-02
-4.268781015777421001e-02
-4.428637745796577818e-02
-4.432406162858559123e-02
-4.171395995952261598e-02
-3.641041820406580587e-02
-3.056546008196030922e-02
-2.758403448210466555e-02
-2.979842436372978284e-02
-3.678593221769675681e-02
-4.656160034212579457e-02
-5.741867768618768436e-02
-6.698219658962797918e-02
-7.051268707000214742e-02
-5.826840165402164678e-02
-2.300300929655996543e-02
2.077707271881791898e-02
4.703104042313297622e-02
5.229598936235072687e-02
5.241807797738951002e-02
5.549791182013937701e-02
5.867352271794826907e-02
5.902593807004846704e-02
5.757347624529579599e-02
5.654327823235510281e-02
5.640591861746628577e-02
5.499441858366688196e-02
4.884243019146489173e-02
3.630377449325566247e-02
1.991055672471199814e-02
4.065952229296037300e-03
-9.197891322381883047e-03
-2.016466585153763383e-02
-2.739725154571091489e-02
-2.429100502881176293e-02
-3.491291610414096972e-03
3.027934860627632882e-02
5.925448718541988929e-02
6.978292644815381474e-02
6.563296365209618510e-02
5.853760890427673474e-02
5.340090704014132522e-02
4.995626155309577932e-02
4.839231120080093179e-02
4.895621649141643911e-02
5.094610461991523620e-02
5.348129478224054184e-02
5.503505144042112468e-02
5.269432968271552109e-02
4.356803881380705984e-02
2.903372721701143189e-02
1.446617977077845063e-02
3.079365091891152813e-03
-6.930646313450629543e-03
-1.753973040290937244e-02
-2.677962201512813084e-02
-3.199248954906363379e-02
-3.354237882349691419e-02
-3.377876972511615478e-02
-3.394596963710040660e-02
-3.319008729891123610e-02
-2.977685909429603206e-02
-2.294383234814585323e-02
-1.382575047234422920e-02
-4.528694427321565928e-03
3.307365456822726826e-03
8.976445204530510147e-03
1.259067443398854264e-02
1.469196488353238100e-02
1.537489590261220326e-02
1.430721834698390343e-02
1.161444329619540361e-02
7.876605825923050502e-03
4.139818442409242891e-03
1.428828801808061828e-03
-2.546323818960631374e-04
-1.693014026680679214e-03
-3.525921351857829768e-03
-6.025836994050792761e-03
-9.616200176992649798e-03
-1.470383180836898340e-02
-2.084874798798420220e-02
-2.682781077896278024e-02
-3.182650753285898998e-02
-3.619052504278968962e-02
-4.032352898829122401e-02
-4.371458134073501201e-02
-4.564039834404955837e-02
-4.556105306715554915e-02
-4.305191675415688535e-02
-3.766882901233596648e-02
-2.905817725101364490e-02
-1.783868990601934074e-02
-5.824453604046520537e-03
5.084415182042959815e-03
1.375742104200921440e-02
1.933225738544864375e-02
2.075720399272379044e-02
1.802423356894705675e-02
1.306277932218219591e-02
8.532716668068538943e-03
6.449086798378555682e-03
7.137606067960786636e-03
9.527277815217519152e-03
1.264592819797799930e-02
1.613323791599440005e-02
1.995957886189812791e-02
2.405673803202481101e-02
2.820009628401277946e-02
3.255043874059880549e-02
3.769731752539723368e-02
4.385587270660756126e-02
5.036472299864700602e-02
5.566913500631420764e-02
5.802932158204428953e-02
5.676916524393040009e-02
5.282114278221682058e-02
4.782733074536293927e-02
4.282349798786084377e-02
3.781426733661902989e-02
3.242749244645255768e-02
2.682102965378091453e-02
2.172613519251437655e-02
1.735385091000504060e-02
1.296103096907383692e-02
7.668780474081554437e-03
9.900974990698324478e-04
-7.165105261413303936e-03
-1.708243563177132274e-02
-2.863011833226003153e-02
-4.026359789107165910e-02
-4.950994879208158589e-02
-5.327776566912301864e-02
-4.758778912370150577e-02
-3.235058873273227026e-02
-1.492217727158813220e-02
-3.662698543328041234e-03
8.618844142668239056e-04
3.930529680117199852e-03
7.686910244445167156e-03
1.050598643916769541e-02
1.151884770782807960e-02
1.186085816812222984e-02
1.267094756346569609e-02
1.386374576224510408e-02
1.456354496770913796e-02
1.379724176019304742e-02
1.131674106450369227e-02
8.126661769737242996e-03
5.565154798716751700e-03
4.274368473591716802e-03
4.212979632802677822e-03
5.407655530134592402e-03
8.349535669898017209e-03
1.362953024844113827e-02
2.121909263271918797e-02
3.040670452425045869e-02
4.047301843243461539e-02
5.113364832472601373e-02
6.214954807324376412e-02
7.260891114275268288e-02
8.103030511949381454e-02
8.648215800887902593e-02
8.938975234618894150e-02
9.112633190280942930e-02
9.312390007203301401e-02
9.616491218294639931e-02
9.988782099553036864e-02
1.025415838274341823e-01
1.023124492338038649e-01
9.890407085307720281e-02
9.290571956711528301e-02
8.479422576019779445e-02
7.459685176594452183e-02
6.266422604080738867e-02
5.042520248600167176e-02
3.949178145477458268e-02
3.085849334280185013e-02
2.505062296560643317e-02
2.180668357249784806e-02
1.998626907863077992e-02
1.839924101360558908e-02
1.623959290302771225e-02
1.348013153276038725e-02
1.080352045727934855e-02
8.919668807970746252e-03
7.907333398793800830e-03
6.763504073362935562e-03
4.205502562672188208e-03
5.520512957137412718e-04
-2.229043805869521284e-03
-2.710495556080300562e-03
-9.492749517524469872e-04
2.408740876163321075e-03
6.951101646824786769e-03
1.226499131190086044e-02
1.794537300089171783e-02
2.411274741579836831e-02
3.143785021012199948e-02
4.056171717972981150e-02
5.151758375069581675e-02
6.287060366993361959e-02
7.060191326985716664e-02
6.504423720310427426e-02
3.988283668037129887e-02
5.256939880592451791e-03
-2.136502709331249833e-02
-3.343853837993250588e-02
-3.762165491925718169e-02
-4.118463280204473498e-02
-4.660194882876234068e-02
-5.585743252226405692e-02
-7.321171390468639295e-02
-9.927976060447636641e-02
-1.255693546067851996e-01
-1.405274482628870725e-01
-1.412760629768932685e-01
-1.353896989871631040e-01
-1.296757157287143081e-01
-1.247097807369852984e-01
-1.196723797925994398e-01
-1.153750109887006214e-01
-1.126764111419633618e-01
-1.112266810308569914e-01
-1.098025560565814712e-01
-1.069154106179183716e-01
-1.008807138244051660e-01
-9.005799388926429005e-02
-7.263227804875853344e-02
-4.880666771748543020e-02
-2.400510958245217000e-02
-6.037216001343529218e-03
2.304521675565249055e-03
4.926399394316125467e-03
6.046859579289873797e-03
6.992761948675917452e-03
8.066057354885577263e-03
9.294987832246861051e-03
1.015879299924265025e-02
1.052345151925880226e-02
1.148067524319742495e-02
1.302045096037885569e-02
1.238940395469509577e-02
6.907731569043243369e-03
-4.145217275277044734e-03
-1.970797418021399960e-02
-3.692740214697848994e-02
-5.162867404580379765e-02
-5.995573779730320463e-02
-5.952212812900974093e-02
-5.075741640379983349e-02
-3.770975869505240052e-02
-2.554324984575952889e-02
-1.623705179791970488e-02
-7.108707450029191563e-03
5.725255733607064260e-03
2.400491551577581956e-02
4.961082383286034847e-02
7.996975983269684340e-02
9.985564689883387468e-02
9.807107627769888480e-02
8.381261342918767954e-02
6.948924567128428320e-02
5.446259769132917594e-02
3.367803234578323895e-02
8.104518140249783800e-03
-1.880597633840950383e-02
-4.530044375978188598e-02
-6.767817950113860781e-02
-8.049980282510733887e-02
-8.364450566917291940e-02
-8.366569647215719996e-02
-8.437880691529463240e-02
-8.347380005271456960e-02
-7.924389466197082066e-02
-7.335227841175066821e-02
-6.735752070678736880e-02
-6.133520517245313192e-02
-5.666181456806255318e-02
-6.100499710429874156e-02
-8.129548061938390857e-02
-1.063484376011796795e-01
-1.130334203986841923e-01
-9.350560747856330457e-02
-6.129751585123673768e-02
-3.294095567237449729e-02
-1.488553936325056476e-02
-3.613492793090656349e-03
6.217141566513321310e-03
1.679784017806102911e-02
3.056969317848877432e-02
5.016703750331750339e-02
7.249306880546507736e-02
8.868420615313056532e-02
9.354688741345866532e-02
9.156278426013841898e-02
8.938774388187971376e-02
8.831315169898591722e-02
8.592095142960047560e-02
7.946505233627021436e-02
6.694504098572816309e-02
4.801563236479183122e-02
2.424087742263650661e-02
-2.112097472139912949e-03
-2.815348290439195073e-02
-5.175322860279248094e-02
-7.213068180802278961e-02
-8.572667211216526695e-02
-8.823255005981672783e-02
-8.279586897049794059e-02
-7.597274685769780933e-02
-6.876419022825733252e-02
-5.895303093796508409e-02
-4.688473467409357692e-02
-3.469575639538405309e-02
-2.202131456033264503e-02
-5.526002786241561784e-03
1.898514619244113383e-02
5.172286330617145017e-02
8.370473554862635501e-02
1.016265162969530039e-01
1.007770291118581102e-01
9.037503593406963354e-02
8.082209675517398884e-02
7.236128454588808268e-02
6.093949588443376558e-02
4.531343239568919046e-02
2.550451829575219043e-02
6.326462454188560821e-04
-2.626080887950834469e-02
-4.696709932202999815e-02
-5.544303930340171299e-02
-5.331790348237362698e-02
-4.563888380424826335e-02
-3.590517532435862774e-02
-2.812643045628996502e-02
-2.651341038443515499e-02
-3.059842252640218585e-02
-3.419127945735273705e-02
-3.184898285816853414e-02
-2.477555756262679945e-02
-1.944914565317985497e-02
-2.198854910018737535e-02
-3.182998114042837751e-02
-4.129591051940526003e-02
-4.365532364782192393e-02
-3.954522121669840073e-02
-3.494033446685586991e-02
-3.432232274930277494e-02
-3.762706764202004839e-02
-4.272068294960065793e-02
-4.835402296112402409e-02
-5.440903527122576550e-02
-5.934291218430710890e-02
-5.561730149744981144e-02
-3.074035520493738002e-02
5.618324049477938301e-03
1.857182002826361991e-02
2.161793428264797284e-03
-1.668943092139942713e-02
-2.535970553863049412e-02
-2.996491483945791165e-02
-3.369484732087349443e-02
-3.414992398206191659e-02
-3.105467597265913066e-02
-2.604179032171873021e-02
-2.008739298061823497e-02
-1.376165979576283657e-02
-6.997886635253944970e-03
1.993703743689038185e-03
1.489610310820765199e-02
3.188325872842186215e-02
5.362022502633335963e-02
8.151854642346204050e-02
1.074595458190297087e-01
1.131759748910457497e-01
9.268218867485845947e-02
6.169231298655118018e-02
3.967683898773113199e-02
3.359966087976311300e-02
3.450181332952840380e-02
3.105241227145790969e-02
2.452965785337313243e-02
2.113944647022192314e-02
2.071523106687984950e-02
1.792706706239002162e-02
9.319448559667655244e-03
-3.876529964680650552e-03
-1.788897720258033827e-02
-3.065330223144561300e-02
-4.214764968958656377e-02
-5.123289326653931303e-02
-5.269348384256110351e-02
-3.604911984816363407e-02
7.685675835000582885e-03
4.967305455156487831e-02
5.023931747762083733e-02
1.853580951863754642e-02
-1.592131710083476495e-02
-4.005703690682856782e-02
-5.347610703262078297e-02
-5.966244075973904659e-02
-6.328088151320647448e-02
-6.457348838824325532e-02
-6.152467121628948932e-02
-5.459689813192335206e-02
-4.549428428752436832e-02
-3.077108582203549186e-02
-6.338064737729749709e-03
2.297497089345375623e-02
4.594307556497876505e-02
5.587438891627260346e-02
5.304277767619925560e-02
4.024827156273189099e-02
2.354979820586401706e-02
1.052805047784067215e-02
3.831891872162389648e-03
-8.468268146735006565e-05
-5.629511712131812090e-03
-1.457461399546626166e-02
-2.581234895765157494e-02
-3.607770178196979816e-02
-4.207353132118697714e-02
-4.159360725259315938e-02
-3.235027102971488322e-02
-1.091723591064146931e-02
1.691783671747289913e-02
2.992653822565856728e-02
1.064292034753200333e-02
-3.319693930026278161e-02
-7.441710877388546530e-02
-8.864719672779548809e-02
-6.918545895973467197e-02
-3.197256583438420896e-02
-3.362966380339324057e-03
7.636407378695524162e-03
1.109826974672176517e-02
1.277125093233253891e-02
9.957361005099413589e-03
2.951054025053064488e-03
-2.198945264730058080e-03
-3.129685615225367718e-03
-1.044430655249115568e-02
-3.608607010911280000e-02
-7.563026799624927854e-02
-1.125289192089092005e-01
-1.305252932675751709e-01
-1.264820750011630690e-01
-1.111264233822021469e-01
-9.520104746637093884e-02
-8.361994933469610314e-02
-7.841739992481439048e-02
-7.851932512181641899e-02
-7.866308792934564864e-02
-7.276409163688121740e-02
-5.767183371774391859e-02
-3.439445098422175273e-02
-7.215081063459368761e-03
1.777003194227815691e-02
3.370966229304604017e-02
3.472842264014123353e-02
1.767144125343265981e-02
-9.613458810656226247e-03
-2.642594384700568469e-02
-2.252241167435647604e-02
-7.879054233445962133e-03
6.914611503688012500e-03
2.043098010870450162e-02
3.314308125611143546e-02
4.315642439885832710e-02
4.957934139914887267e-02
5.426164513733702788e-02
5.859971654982435579e-02
6.212888658999848185e-02
6.356071836720159074e-02
6.063299949918013465e-02
5.146464144460891760e-02
3.720104300702406497e-02
2.312484986092242303e-02
1.591557001475212008e-02
1.951932849869499401e-02
3.226098324207149481e-02
4.752196525006029126e-02
5.858320357610660029e-02
6.226732849552130827e-02
5.833912127993155089e-02
4.889017161896194036e-02
3.779830047081365885e-02
2.769847081381189915e-02
1.882834587562203649e-02
1.008578237977095921e-02
-3.952219380971602985e-04
-1.510569973699323922e-02
-3.499774673893631810e-02
-5.728052041466291655e-02
-7.710280149402769234e-02
-9.058010078831087164e-02
-9.708856925537805160e-02
-9.954520848340750461e-02
-1.023570497587902167e-01
-1.090014231496213709e-01
-1.195318792541884001e-01
-1.295415820840217780e-01
-1.333123844241791978e-01
-1.276395745417133187e-01
-1.138142195840627369e-01
-9.667755026590066358e-02
-8.106357149612077040e-02
-6.915625339651186587e-02
-6.031110722484199493e-02
-5.130036508940286760e-02
-3.785751083288076135e-02
-1.674637991151878280e-02
1.310053802793485767e-02
5.440388018750605403e-02
9.137135864734063917e-02
9.461417378154347857e-02
6.816241792822916312e-02
3.854732758961266353e-02
1.708611191350117853e-02
7.423072298541991436e-04
-1.133502568331616785e-02
-1.513422915321338200e-02
-8.898981000629649363e-03
3.449126629470499004e-03
1.649291301087475389e-02
2.652708717182078457e-02
3.211343062224786271e-02
3.444925345590295340e-02
3.582201479036536268e-02
3.547494373188753852e-02
2.916472775538545004e-02
1.448035555023564208e-02
-5.388107037813489805e-03
-2.423661505967219382e-02
-3.832875525718537624e-02
-4.906138617890565268e-02
-6.018576838759531061e-02
-7.382543095504019715e-02
-8.849375897970851446e-02
-1.005952797037689417e-01
-1.102333905093274558e-01
-1.212367798229909976e-01
-1.323853419031523204e-01
-1.348039332300721704e-01
-1.215793998684802507e-01
-9.727690889481022118e-02
-7.483450083901524441e-02
-6.396734285779154261e-02
-6.372547760017439888e-02
-6.314260146551738118e-02
-5.076667012506444476e-02
-2.701526016690018045e-02
-3.174818240749198613e-03
1.079647655783208364e-02
1.271940675984893458e-02
4.166962209455386812e-03
-1.252867008488383650e-02
-3.204976819571132840e-02
-4.484243891818328470e-02
-3.631743318976662915e-02
2.107871796265981413e-03
5.407580338670264081e-02
8.487854303577090087e-02
6.401396756640956309e-02
5.864727739957132160e-03
-2.834455774743476625e-02
-1.587683108223110484e-02
8.761415662137688257e-03
2.023132957553402944e-02
2.115972281446297856e-02
1.860725298951198745e-02
1.212483707884212496e-02
-3.564931890517466324e-04
-1.669025835334589022e-02
-3.180716539500189066e-02
-4.012738121941622493e-02
-3.939266750092446090e-02
-3.438353931207118602e-02
-3.336312554923761414e-02
-3.943512587581239626e-02
-4.558853368580206150e-02
-4.177455160193852685e-02
-2.659935561197686663e-02
-7.425178340489660064e-03
8.784063652118334967e-03
2.018041531715092721e-02
2.799209475597561406e-02
3.461560615774693372e-02
4.280878441429857018e-02
5.263203979448037584e-02
6.097844110433989218e-02
6.561440625229761348e-02
6.505965583302406041e-02
5.698729369989263133e-02
4.159748783230156344e-02
2.323863234458190333e-02
8.475922951235040706e-03
4.978637487338042483e-03
1.793529037148787475e-02
4.608964981849403286e-02
8.291524670664138230e-02
1.199978042148154428e-01
1.521025411616591383e-01
1.798023908201630272e-01
2.028479110197141944e-01
2.164171872573951438e-01
2.107437062760021129e-01
1.813590399396492192e-01
1.410807209971629839e-01
1.028259101824501448e-01
6.833100309246328830e-02
3.598873367123111428e-02
2.678160635888492212e-03
-2.629131995236519068e-02
-3.265887314872879116e-02
-1.634246224302880746e-02
2.058852940794721111e-03
1.420275812338836138e-02
1.999335673348690001e-02
1.300720182471747088e-02
-5.206647678629675903e-03
-1.928401598022399729e-02
-2.321616768110185136e-02
-2.251607431310996554e-02
-1.725563415573854939e-02
-5.065964611684805295e-03
8.158340358126197137e-03
1.311530304526426285e-02
7.724280265829672545e-03
-8.908828881110364938e-04
-3.946814259378536756e-03
4.433890606431329859e-03
2.695931150558382103e-02
5.955577667252762164e-02
9.477220488766549544e-02
1.287121735284202095e-01
1.547901987446262950e-01
1.728088937772971068e-01
1.926374253688346028e-01
2.163147190802781616e-01
2.372217874058783760e-01
2.506793880400431385e-01
2.362612435113244369e-01
1.918712820094929383e-01
1.532494225089001127e-01
1.347894986683369212e-01
1.292481639773317148e-01
1.335056270836635084e-01
1.429181293275807729e-01
1.416137986790121928e-01
1.165322707274564357e-01
7.363501195540857192e-02
3.470021848478276050e-02
1.759850269244656040e-02
1.867582869706320078e-02
2.098058734449604473e-02
1.687774183886168317e-02
1.264595987638197222e-02
1.688202108151879918e-02
3.034345638913777191e-02
4.694514741002651231e-02
6.453912769613101563e-02
9.545303639360547265e-02
1.624615907437299833e-01
2.302667718692285592e-01
2.468121331768489135e-01
2.353639827574632581e-01
2.301816113874821657e-01
2.258676393558742279e-01
2.044626465883303823e-01
1.565318609991624144e-01
7.511088048388982197e-02
-1.270792425872830159e-02
-4.390589858563929970e-02
-4.311403817715898576e-03
4.942014375788193747e-02
6.496934645115785834e-02
3.858718461369838731e-02
-1.773309305501836108e-03
-3.400067123872993480e-02
-5.777708855877813215e-02
-7.042111740031126166e-02
-6.345992042100655206e-02
-4.215863942071869375e-02
-1.645204862527058914e-02
4.750989329731037346e-03
1.652258261887353669e-02
2.522442563230936977e-02
4.108250682186172231e-02
6.112738287589274816e-02
7.476079474975103056e-02
7.765526961919248794e-02
7.762297183421122682e-02
9.113027998425893283e-02
1.450871886980499292e-01
2.228988011720288431e-01
2.711426472945772104e-01
2.870009959351591533e-01
2.973537736078534222e-01
3.094003903818429158e-01
3.147435426901998290e-01
3.096130412575126556e-01
2.986326910318888861e-01
2.905813507752182390e-01
2.924206942000286968e-01
3.033120315015750412e-01
3.142127976150645985e-01
3.150558063155653454e-01
2.953405252167425332e-01
2.440043922952090938e-01
1.741627858237083937e-01
1.093693179227534507e-01
2.964182168493988134e-02
-6.467571801933805209e-02
-1.074007675300038545e-01
-7.945218054862969448e-02
-4.280690769432696913e-02
-5.239357380024080302e-02
-1.076300739836380943e-01
-1.587658329421278713e-01
-1.737656541236020646e-01
-1.704294057300224374e-01
-1.687923373877348310e-01
-1.752762614337027569e-01
-1.960968086145043199e-01
-2.382308711648681576e-01
-2.990745150039698097e-01
-3.677009985177460694e-01
-4.288790952625279873e-01
-4.643653580037940265e-01
-4.646925359711480685e-01
-4.406482389911063891e-01
-4.119238284663084282e-01
-3.917829840689803222e-01
-3.799577409054750166e-01
-3.622499120380639481e-01
-3.196302380728068826e-01
-2.483642266729386150e-01
-1.669171849568787669e-01
-1.063886755877055390e-01
-9.047771370486165643e-02
-1.036360422155104544e-01
-1.175520185152843095e-01
-1.307209087954974980e-01
-1.519207247203063216e-01
-1.800194401081554596e-01
-2.025222604859935605e-01
-2.098158843138809848e-01
-2.105548824768632976e-01
-2.236057793965438578e-01
-2.518009949060675545e-01
-2.747262970474489419e-01
-2.650196480012415035e-01
-2.124319957742310250e-01
-1.336618029519751061e-01
-4.201713618746789891e-02
5.197613876935840843e-02
1.153672644698759964e-01
1.256766538068549710e-01
1.011474825506212954e-01
7.551071037764099658e-02
7.348791733250527314e-02
1.150476058529771722e-01
1.983447105109563124e-01
2.879348695931180369e-01
3.107936736409883105e-01
2.146594553141744632e-01
6.881950990124488521e-02
-3.149910971361579576e-02
-7.145565720186210223e-02
-5.088905554580386292e-02
1.931431096776869971e-02
9.271818346422638912e-02
1.885897207504521611e-01
2.931493677019674782e-01
3.340669353059366187e-01
3.442150248705811988e-01
3.873748188709657536e-01
4.805981096120840457e-01
5.732466393970739871e-01
5.923313794626610118e-01
5.281005024111350421e-01
4.188715908384809672e-01
2.351577131954957489e-01
3.409956435915874329e-02
-5.124787772140599468e-02
-2.778210307269048801e-02
2.967042608985432858e-02
5.701403848977745076e-02
3.324141234744834583e-02
-2.614243177043038338e-02
-9.015491612430609480e-02
-1.293045571165861163e-01
-1.339732845997980148e-01
-1.253464687257468957e-01
-1.220027502128312180e-01
-1.303663804400497783e-01
-1.533808627974226901e-01
-1.890055636559219432e-01
-2.208668967521181803e-01
-2.259401851979836728e-01
-1.812552444584439593e-01
-9.359092528622511842e-02
-2.623257966050275211e-02
-4.592821622656750868e-02
-1.405755253776354852e-01
-2.326422604633018865e-01
-2.651699844018658436e-01
-2.417156455522697645e-01
-1.929453023841595505e-01
-1.333628495803903524e-01
-6.421164007009717845e-02
-1.286120703445942526e-03
3.737122085446379499e-02
5.777891593398307157e-02
6.908226797777489159e-02
7.266616308519850687e-02
7.555793123041387727e-02
8.271207925963981744e-02
8.578675578854243200e-02
7.149304685580402940e-02
3.874482411476870558e-02
1.033645910128590771e-02
3.093830931458696129e-02
9.612562275567136660e-02
1.257251102577291724e-01
8.028055531451429305e-02
-1.763958752713513239e-02
-1.012639045144818339e-01
-1.197927171805317909e-01
-1.080823919483229895e-01
-1.010972240597777932e-01
-8.975825317188969310e-02
-5.531611121149015292e-02
-4.598348774919330459e-03
3.600660069097409710e-02
4.499905899651939628e-02
2.324525100800747118e-02
-2.671670275474045952e-02
-4.630116300465924456e-02
8.209982743486901602e-03
3.569828401988373034e-02
-3.733832433070182616e-02
-1.462915543801138474e-01
-2.192139218804222689e-01
-2.621982029546964799e-01
-3.070028286663529782e-01
-3.557683338924839678e-01
-3.847759925878411202e-01
-3.751200169601780487e-01
-3.376284114288539695e-01
-3.010402272533251877e-01
-2.824632060390744326e-01
-2.729711290604800999e-01
-2.431827303649999883e-01
-1.582005755714166739e-01
-5.765292232252040155e-02
-1.527088968880548070e-02
-1.206596153040458488e-02
-2.257643407394099833e-04
1.464608285800992303e-02
4.782405822413994534e-03
-2.663192458597848922e-02
-5.767965314838934682e-02
-7.590213622304241292e-02
-8.126938182961457313e-02
-8.099399698793358082e-02
-8.481920273942619715e-02
-9.673752149100901809e-02
-1.079798880006854478e-01
-1.072876702505557861e-01
-9.743897832292304495e-02
-9.150497260910535335e-02
-9.678202290292652055e-02
-1.077737588312531608e-01
-1.149196811647884564e-01
-1.166248852002727265e-01
-1.182645544412739974e-01
-1.205912317972861331e-01
-1.181950076423901735e-01
-1.055366991534965049e-01
-8.645633629295620959e-02
-7.960005303253588071e-02
-1.031926828876339464e-01
-1.519994729027957514e-01
-2.026535817564868724e-01
-2.304706423927494474e-01
-2.325223889867635008e-01
-2.225943755260886281e-01
-2.009743221515492839e-01
-1.560190679248991130e-01
-8.189250134481905474e-02
1.859645238149352370e-02
1.031559396732862760e-01
1.409384526967982498e-01
1.683414192655817709e-01
2.105701385030545325e-01
2.466570408486488952e-01
2.511166746836545616e-01
2.075895214700236024e-01
1.338389047792405140e-01
7.499925815319109790e-02
4.275635117471148633e-02
3.020597532039081407e-02
3.617780143136700710e-02
5.855995006948480630e-02
8.608804590818049107e-02
1.069382183331904074e-01
1.187433338964742624e-01
1.306414085936334069e-01
1.577371072517249340e-01
2.002133233854757333e-01
2.269692383858901985e-01
2.173429279289210703e-01
1.888967502381397323e-01
1.605316195722142625e-01
1.292761259215453873e-01
9.351074528467182012e-02
6.720074349687638060e-02
5.706441396271286909e-02
5.433872349344801012e-02
5.031028611252278543e-02
4.126652989774231423e-02
2.401595528704207963e-02
-2.581160524605885520e-03
-3.624730852135588099e-02
-7.381785221944631159e-02
-1.128892578818443543e-01
-1.480124624356154162e-01
-1.664525638136476748e-01
-1.342484136141366968e-01
-5.277358466264226583e-02
1.462572311214903158e-02
3.836613565160387762e-02
4.145923086972978094e-02
4.280507214274213018e-02
3.933888008766523586e-02
2.490970339005331782e-02
1.743064582104556946e-03
-2.313989808651038468e-02
-4.393127705673043060e-02
-5.674623751839607405e-02
-6.132141347157506195e-02
-5.947004278952028322e-02
-5.079193211040416989e-02
-3.390656845754951021e-02
-1.211364672556145168e-02
4.811937497817329532e-03
3.977150937699885230e-03
-1.976749684839640073e-02
-4.724761456980828417e-02
-4.595025512087096836e-02
-1.374126335585734542e-02
1.979536951826603441e-02
3.430245139846295477e-02
3.127409929830408941e-02
1.991381979664059304e-02
5.303280444712924965e-03
-1.566268731868775479e-02
-4.464779197939894306e-02
-7.212496483145237891e-02
-8.613649183146286636e-02
-8.690865989976062633e-02
-8.393281119926984668e-02
-8.143994238416683851e-02
-7.841672077285188891e-02
-7.379557966720784457e-02
-6.734543447335143707e-02
-6.009227242840232963e-02
-5.533310442818583502e-02
-5.445481537150091700e-02
-5.169155646940221810e-02
-3.389056327238570976e-02
1.491816136255603824e-02
9.790265174141812854e-02
1.658126166543571756e-01
1.701338229182245698e-01
1.395008423632339289e-01
1.184816716484145965e-01
1.099517977033969696e-01
1.000754958907730113e-01
8.812260272169837594e-02
8.144619672410145783e-02
8.284191616715973205e-02
8.544046276582070720e-02
7.790671673126317587e-02
5.756937042289669848e-02
3.517319979715191614e-02
2.017132210271391224e-02
1.269842574734865275e-02
9.966662397273598831e-03
1.116655783202754638e-02
1.923092536580369230e-02
3.766074139041528102e-02
6.343907377476813714e-02
8.293271571507178364e-02
7.397999161084888031e-02
3.264700607558881917e-02
-1.228294971026657606e-02
-3.890105223258367995e-02
-5.506733154035443889e-02
-7.417035509493505319e-02
-1.000569109452581484e-01
-1.340612992861318908e-01
-1.721974975886780002e-01
-1.988155230715948907e-01
-2.023017220129046667e-01
-1.877356172882187757e-01
-1.653483115506103329e-01
-1.395695854225084132e-01
-1.089952508841018769e-01
-7.494364299141292873e-02
-4.691194333360620972e-02
-3.065921593621307936e-02
-2.018666001898356335e-02
-7.183576237845536346e-03
8.469992158825333933e-03
2.073653294204930511e-02
2.477379329378752090e-02
2.038318799486514912e-02
1.118674028609569458e-02
2.701885391688562885e-03
-9.661602370995757373e-04
-2.315836903467407594e-04
9.202221460825073642e-04
-7.387594012004962928e-04
-4.596226251300252440e-03
-8.071440152496072232e-03
-9.966052484829540647e-03
-9.814024751199827354e-03
-6.079197841063124254e-03
3.099980447621136347e-03
1.986977681107350222e-02
4.351753621775578812e-02
6.673580659337753629e-02
8.013295835856408533e-02
8.126933162990356008e-02
7.512213875245465911e-02
6.605090773163797835e-02
5.480771364209140184e-02
4.181579270939516507e-02
2.956972268370171644e-02
2.173474680128894762e-02
2.187687613576547868e-02
3.450205062158891861e-02
5.958304936514616235e-02
8.693616804498362216e-02
1.043359763205195384e-01
1.087876730975437939e-01
1.066781513470328596e-01
1.045391276652920948e-01
1.053899456042422383e-01
1.120432894880014907e-01
1.284077924847833452e-01
1.544942402601544029e-01
1.832842287527580716e-01
2.052135856068681152e-01
2.139521852217751152e-01
2.095793657640873109e-01
1.966214480297108214e-01
1.781352272071987930e-01
1.540802367217574131e-01
1.214232974389453656e-01
8.420950474212654524e-02
5.397569787803824931e-02
3.329202884579954280e-02
1.751399650656611934e-02
4.914276670514861924e-03
-3.466400699824836659e-03
-8.553824374334075692e-03
-1.251205346795514206e-02
-1.521092579973496242e-02
-1.127538662455314367e-02
3.620203485298965733e-03
2.242119180414078525e-02
3.051091528155706195e-02
1.671589349354475271e-02
-1.730992937721891403e-02
-5.738659042320344572e-02
-9.362583931525898795e-02
-1.267475477462366995e-01
-1.541225063907317172e-01
-1.655796407582916796e-01
-1.570195179882577230e-01
-1.367550985872600378e-01
-1.143245422844655218e-01
-9.277033902315170999e-02
-7.242409064279466124e-02
-5.487229532313631086e-02
-4.252981705510606308e-02
-3.650544139775316332e-02
-3.517604277467980406e-02
-3.464332487867698845e-02
-3.163291555032160529e-02
-2.655881131217370170e-02
-2.262423111042998966e-02
-2.223429002848863190e-02
-2.437400145997496714e-02
-2.509520275944620779e-02
-2.043507648879938285e-02
-9.790129813886468482e-03
3.428003272351183486e-03
1.566425837346687930e-02
2.709539866395476934e-02
4.041562847696662103e-02
5.586730929257417017e-02
6.980290013627014900e-02
7.862064515706507217e-02
8.227654431017115966e-02
8.335367763360602977e-02
8.419596731220369001e-02
8.594660012595298215e-02
8.986964633175456574e-02
9.835973313109189209e-02
1.155465944464232897e-01
1.401897963017615656e-01
1.573274035402038862e-01
1.498057845920486297e-01
1.184527783971615345e-01
8.116341613423110057e-02
5.526872359951463115e-02
4.602818652499281182e-02
4.705805942348202653e-02
5.053071414670635975e-02
5.313168219445932317e-02
5.299763462830053146e-02
4.825204649373800864e-02
3.872842770535546431e-02
2.659415964624931711e-02
1.443890521582620948e-02
2.974855880116868048e-03
-8.881895640532901787e-03
-2.264862948618822855e-02
-3.895189042895307041e-02
-5.648200832236914548e-02
-7.211220295248468859e-02
-8.332283528410724949e-02
-9.037015895041292102e-02
-9.410793315282194038e-02
-9.338189531580755320e-02
-8.707604036274353698e-02
-7.593361619645687399e-02
-6.136867898096590168e-02
-4.476198796318912182e-02
-2.645624282330719113e-02
-5.848796076040092481e-03
1.495680405033137511e-02
3.074276503442270950e-02
3.845046009737180387e-02
4.007569533609448009e-02
3.898792204941566031e-02
3.634519433454216908e-02
3.234122650308573349e-02
2.750276306767065679e-02
2.213059172560969887e-02
1.651240769640271999e-02
1.103815617378990470e-02
5.859237733840164629e-03
1.474388102325341864e-03
-9.008942572632760689e-04
-3.930643432284683142e-04
1.607905439410554351e-03
1.920294996616807000e-03
-2.290170498230059432e-04
-2.287461328030178289e-03
-3.133891012880307692e-03
-5.412608798125616988e-03
-1.079022814698499082e-02
-1.665874210454227830e-02
-1.969929999234434556e-02
-1.930154748694777600e-02
-1.772799868926356812e-02
-1.843400581330283117e-02
-2.244727962362962417e-02
-2.709773021380898483e-02
-2.924244288026310590e-02
-2.717059155357264000e-02
-1.872686323616244361e-02
-1.129215326915740175e-03
2.377308301296742962e-02
4.769023699782358461e-02
6.125196270459459108e-02
5.954807995270676446e-02
4.526654378013407476e-02
2.589562405129187603e-02
7.270105873834828078e-03
-9.103059349417188043e-03
-2.501456802214332628e-02
-4.107045426331308591e-02
-5.439989442834453071e-02
-6.209436567669290863e-02
-6.417559785567089614e-02
-6.216205008244098107e-02
-5.661316295471441329e-02
-4.714845156397565185e-02
-3.315315899475985290e-02
-1.653348671784287544e-02
-2.148333172336444261e-03
7.457083425877684447e-03
1.571616961748249428e-02
2.709804557247978696e-02
4.060302971407719203e-02
5.188164520971680349e-02
5.865387116494689274e-02
6.189859795197049513e-02
6.332182382004557242e-02
6.343573862244537842e-02
6.114571254831571018e-02
5.423042245298587138e-02
4.117477381880550735e-02
2.235072267992410308e-02
-1.963629080744828080e-03
-3.260187407237055690e-02
-6.631109415047940769e-02
-9.420644883919206125e-02
-1.090072863496558270e-01
-1.117996100318938979e-01
-1.089560580324229061e-01
-1.039261091377136070e-01
-9.673326794209702317e-02
-8.762836356974655627e-02
-7.783302742765794979e-02
-6.812643544925703343e-02
-5.829151855305787083e-02
-4.809184050827534224e-02
-3.788255010015317142e-02
-2.786967302400039995e-02
-1.657751435727998837e-02
-9.473110667750828020e-04
1.903521893069640147e-02
3.938989512690909550e-02
5.860104762644310905e-02
7.756281078292516507e-02
9.428927248419782803e-02
1.047558961783019160e-01
1.061578700925793900e-01
9.871107890409763774e-02
8.621391885379114939e-02
7.438100565859530333e-02
6.770672546153895521e-02
6.677174738572742851e-02
6.752920902020870253e-02
6.623606776708093613e-02
6.419197269265947137e-02
6.519874671718767223e-02
7.067704235209928965e-02
7.882085967922436431e-02
8.770497703226561026e-02
9.757637479305633632e-02
1.099140793076495287e-01
1.241908513874498687e-01
1.377676042736690476e-01
1.496721880871990651e-01
1.621122945483680911e-01
1.771440611575126889e-01
1.933914150235398477e-01
2.041276129175244869e-01
1.944173672260183228e-01
1.473288544455428617e-01
8.027128662352223110e-02
2.822949921120825392e-02
-6.100628673759899735e-03
-3.331095015128215930e-02
-5.202786612266442623e-02
-5.848970801575299056e-02
-5.990955492902291790e-02
-7.025065269062506779e-02
-1.046173960985669477e-01
-1.633260057914757701e-01
-2.189022414539201211e-01
-2.490353871793310192e-01
-2.582123485309319455e-01
-2.579702741335719862e-01
-2.544794327538632550e-01
-2.480572721447729667e-01
-2.373238008388211528e-01
-2.211298725097295970e-01
-1.977636829928741125e-01
-1.603655837422237607e-01
-1.071356431786140567e-01
-4.775895499877310518e-02
-1.979959916648158739e-03
1.929553392134389714e-02
2.941301338114508598e-02
4.123247048797160780e-02
5.503154025222635470e-02
6.707120837247217138e-02
7.476427902788596036e-02
7.342182000399527508e-02
5.507492468215340053e-02
2.014183324901863345e-02
-1.546052499932418049e-02
-3.519449936469107310e-02
-3.816063480229750504e-02
-3.403652128298283869e-02
-2.751179033787290798e-02
-1.892041882557941868e-02
-1.176581383460648285e-02
-1.138718269335587535e-02
-1.831646987844389243e-02
-2.826080354218360804e-02
-3.704602852050454392e-02
-4.337080215534297456e-02
-4.666479554701772475e-02
-4.475625683657087628e-02
-3.242285749188229121e-02
-7.916676095108226077e-03
2.020714936085141536e-02
4.048201516558266183e-02
4.650149553275132602e-02
3.882643808093531185e-02
2.198148485758516860e-02
-2.278808400462529300e-04
-2.515993093497546559e-02
-4.852954667665372590e-02
-6.428013266790899571e-02
-6.893416335104914083e-02
-6.625212470203788173e-02
-6.263029693278042431e-02
-5.826805244139619117e-02
-4.974765936083492407e-02
-3.726877043963709030e-02
-2.751448101398368609e-02
-2.816314857044118977e-02
-3.998010996242369608e-02
-5.636217916289133073e-02
-6.954141581181669252e-02
-7.848521063760810490e-02
-8.961562369863897148e-02
-1.074771826154955756e-01
-1.290540235007249792e-01
-1.466136552672485660e-01
-1.556191380348905529e-01
-1.595058565795114125e-01
-1.623986944985951753e-01
-1.576482682169804694e-01
-1.314006930911452431e-01
-6.847283436671117163e-02
1.336619053428139779e-03
3.506223346556324588e-02
5.114326676491351420e-02
8.187626030455974480e-02
1.259365215073218747e-01
1.627343893054040702e-01
1.816371805193896238e-01
1.829233900395957069e-01
1.665781539310327575e-01
1.351718739739950215e-01
9.817524212105530057e-02
5.952093939928575911e-02
1.930764800704177012e-02
-1.440560154307804659e-02
-3.381076973895165427e-02
-4.266464486027513048e-02
-4.955246546260304308e-02
-5.581829107819394342e-02
-5.671570584786274349e-02
-4.831262080742860371e-02
-3.133635247385659767e-02
-1.176014689667516724e-02
4.068546134866181732e-03
1.427212956596825115e-02
2.323105810177619399e-02
3.647343990566774552e-02
5.363144515113209276e-02
6.900588881117304674e-02
7.925275475315844698e-02
8.659111017981815928e-02
9.349795999148895198e-02
9.792546286437450731e-02
9.427780615457054258e-02
7.923262273115215526e-02
5.600143964127796831e-02
3.373165832650055346e-02
2.099749256612367179e-02
1.852871800815233255e-02
1.894986608397304997e-02
1.528316239457490518e-02
8.240984431329503174e-03
3.357674956480318721e-03
2.961999479053724956e-03
3.691812303359310807e-03
-3.285116592329841460e-04
-9.651517432743908498e-03
-1.951241562135447652e-02
-2.613397272887616266e-02
-3.235768093387446365e-02
-4.179930077459284576e-02
-5.043897084209586490e-02
-4.648360488960348591e-02
-2.029623756914131563e-02
4.389639087029544723e-02
8.686017044924154717e-02
5.300438629303386856e-02
1.706445997255438482e-02
3.189758036009206210e-02
6.665639168589565511e-02
9.029085961955914119e-02
1.076105587259871404e-01
1.260786799914868639e-01
1.399152055804837591e-01
1.412786319080136244e-01
1.301637016996929630e-01
1.112696587448442492e-01
9.127603572732045922e-02
7.505185612830593544e-02
6.119367340516248394e-02
4.040888651520362779e-02
8.167523926334368037e-03
-2.198978449047261571e-02
-3.282990674897343780e-02
-2.526673099500834768e-02
-1.144894923735734898e-02
1.287857937911008298e-03
1.237631959280244970e-02
2.364380046405922461e-02
3.663335523290300877e-02
5.061183045246523543e-02
6.245135304552779792e-02
6.922575494632887683e-02
6.868050462280400614e-02
5.876213321996163336e-02
3.993609697895884186e-02
1.549646714474669541e-02
-1.055787036137611351e-02
-3.339239022567630499e-02
-4.798166467136201485e-02
-5.296543047105933127e-02
-5.309435038685495628e-02
-5.289046803397237650e-02
-5.157818224120889333e-02
-4.784280202088235512e-02
-4.159386545260920776e-02
-3.386654801372811219e-02
-2.477787508487838339e-02
-1.285732826891133884e-02
3.104662806415177043e-03
2.368138199145476686e-02
4.458205713131174058e-02
5.669698894132589595e-02
5.456142071154489875e-02
4.021597110901667382e-02
2.066390137455289752e-02
4.725575923885680721e-03
-2.419716039581291944e-03
-3.180491015944690147e-03
-1.440137747070720361e-03
1.964498807912580004e-03
5.715289975497336687e-03
8.339381966391569076e-03
1.116706027491484038e-02
1.598193902272418421e-02
2.220109240693428354e-02
2.865117782495886500e-02
3.476846208093758300e-02
3.935688945289501917e-02
4.120162448943515826e-02
4.104374346983882815e-02
4.055139199737749223e-02
3.949642818051023185e-02
3.593451571431354602e-02
2.790754127809599167e-02
1.376362838311857677e-02
-6.571250263820678679e-03
-3.027301216846974702e-02
-5.232975669889993603e-02
-6.832276115219250434e-02
-7.818883096639112074e-02
-8.464784131197351791e-02
-8.882832554096289912e-02
-8.976247536127729409e-02
-8.561767121049705664e-02
-7.563631576510100596e-02
-6.149496291435226775e-02
-4.659413769626830071e-02
-3.190244211934242791e-02
-1.549518713640643704e-02
1.998607787666570757e-03
1.453766898843633290e-02
1.665348774658803599e-02
8.961967001873943212e-03
-3.449861569876238893e-03
-1.664787966401276575e-02
-2.937968318121286435e-02
-4.113200686632542680e-02
-5.064762151267246382e-02
-5.755548171794799828e-02
-6.292300642062545468e-02
-6.814500671194247128e-02
-7.345509584960398242e-02
-7.654091368768108083e-02
-7.205637449478534406e-02
-5.780034428732383489e-02
-3.849229277470279931e-02
-2.154789776862328990e-02
-1.085737996106687746e-02
-5.091115151354947896e-03
-5.476205059196090135e-04
3.559747169672118627e-03
7.003835955922558913e-03
9.891416041404213488e-03
1.362121613805944605e-02
1.820020559118141687e-02
2.322477398129720386e-02
2.691240348577684030e-02
2.962642423355062518e-02
2.923435605024983161e-02
3.252983078164194825e-02
3.493641407515977321e-02
3.277298540114674530e-02
2.292873248607826819e-02
8.168662632567496792e-03
-7.524016121255650176e-03
-2.140617053675998929e-02
-3.482144028936970392e-02
-4.893433636829837979e-02
-6.254423825875483900e-02
-7.312706433951345064e-02
-8.074970928676727944e-02
-8.696385124598536576e-02
-9.257449014980437263e-02
-9.609375852363101489e-02
-9.461347402448087862e-02
-8.603477481163034069e-02
-7.159770712842630780e-02
-5.417313633294833924e-02
-3.642338072059105730e-02
-1.999475833392895183e-02
-6.072810200442695962e-03
4.446292817531819277e-03
1.132961530745061479e-02
1.561142439134655460e-02
1.872517602602674289e-02
2.159499096182147804e-02
2.401626071976921059e-02
2.443277225090942709e-02
1.950371527267146313e-02
8.070997149417996966e-03
-5.841998233340764402e-03
-1.678001871631199654e-02
-2.231116268898733837e-02
-2.399797314265143811e-02
-2.484937348408225097e-02
-2.532035114434151579e-02
-2.452810641616487777e-02
-2.220535657160867260e-02
-1.904487306187411036e-02
-1.555748304496172747e-02
-1.164915692268090296e-02
-7.232202928808762615e-03
-2.571940379763468058e-03
1.512681240686147757e-03
4.307724275409490974e-03
6.052765745353545258e-03
7.554482529963423357e-03
9.165499467895089555e-03
9.992011116739828169e-03
7.593671020590055457e-03
4.403636727452949493e-04
-9.677084670467375055e-03
-1.959247302388813367e-02
-2.748954999197198573e-02
-3.382777032577725246e-02
-3.948419915250980794e-02
-4.371901040816297129e-02
-4.520099936509561905e-02
-4.364079481875488692e-02
-4.055155405363785465e-02
-3.787986052246331697e-02
-3.589231379709877795e-02
-3.364758887857196429e-02
-3.045572057001979735e-02
-2.619479762108273616e-02
-2.077046408899512267e-02
-1.418074746443761906e-02
-6.899683723159083168e-03
3.964042458409570155e-04
7.071262124340019217e-03
1.257306384976704904e-02
1.665881397664306651e-02
1.992952158302252821e-02
2.345819088900969948e-02
2.761904118176606096e-02
3.205929753100805746e-02
3.645740086624819909e-02
4.078507826294186511e-02
4.513480765606845552e-02
4.945453086470374959e-02
5.310963025339768273e-02
5.409978156741881289e-02
5.068407283322892004e-02
4.367902593832513614e-02
3.530683569268946997e-02
2.748616378596465196e-02
2.164567355533786666e-02
1.843201514441985059e-02
1.716285051077108201e-02
1.642082964709006346e-02
1.492979694353246609e-02
1.202027756227459256e-02
7.757828848721591737e-03
2.713337484968564133e-03
-2.368851261605736582e-03
-6.878985288318142585e-03
-1.050792165470310589e-02
-1.313774150088117647e-02
-2.064639895643197512e-02
-2.761722337505011921e-02
-3.274049145581344605e-02
-3.464878592925349499e-02
-3.240139001993966317e-02
-2.614810041288637490e-02
-1.730958492201637583e-02
-7.894328138995224120e-03
1.486953276846851980e-04
1.611681705687134387e-03
2.876403857488169912e-03
4.133392352669976177e-03
5.395181912200793829e-03
6.610041127550253005e-03
7.792459590555127213e-03
9.012746964102280947e-03
1.030721759829137697e-02
1.164039679615676455e-02
1.294661637982367011e-02
1.421378286332503939e-02
1.550276372960919004e-02
1.680038839095030281e-02
1.788599632853532864e-02
1.837603277369268331e-02
1.805395747758833588e-02
1.714876679353042124e-02
1.611004953626243852e-02
1.525380983981082864e-02
1.464926720753508341e-02
1.430834749282088904e-02
1.437484258169376833e-02
1.497345912718348396e-02
1.598338457839252463e-02
1.706186203260671996e-02
1.797202682580014213e-02
1.881739590745277677e-02
1.984208543810319844e-02
2.113403344097421546e-02
2.250907078027644323e-02
2.361023561631564460e-02
2.413648374313342657e-02
2.398881342371587955e-02
2.318955117279290420e-02
2.176149046755999905e-02
1.977468885109669866e-02
1.740262374467403325e-02
1.483797211013628339e-02
1.221221654070490589e-02
9.617631932670258482e-03
7.144973902723653417e-03
4.914662249931965946e-03
3.113585677634170008e-03
1.918165604354331874e-03
1.361492610538678162e-03
1.342331039503426998e-03
1.712728864842245945e-03
2.354043787654388001e-03
3.262934348169642743e-03
4.467901026389263855e-03
5.921200993382935533e-03
7.530436349407695212e-03
9.135392751913530562e-03
1.056621033222046244e-02
1.168317677247058400e-02
1.234228338712500816e-02
1.249853516045382543e-02
1.213436484674928692e-02
1.133151676498463968e-02
1.017177596634588795e-02
8.772336836872229870e-03
7.223864531931948121e-03
5.628805080333789713e-03
4.071024518426266670e-03
2.642864442624259270e-03
1.415124373633156558e-03
4.487922651238593309e-04
-1.269058865707701350e-02
-3.431694021486901558e-02
-4.056600334539473690e-02
-3.058295595067174119e-02
-6.107340448361346479e-03
4.886428514830254335e-04
1.117009931686631244e-03
1.681471478707952973e-03
2.101200614793775900e-03
2.381838391725769281e-03
2.515273973854523226e-03
2.532834901145824495e-03
2.419980378006089065e-03
2.247136005254482018e-03
2.055261951801820586e-03
1.966076780645914426e-03
1.980749231378215163e-03
2.146813688774433342e-03
2.360977850095747482e-03
2.634886993315825338e-03
2.829301088615058645e-03
2.979893209144443035e-03
2.944227634103389803e-03
